volume,code,psTTM,high,adjustflag,tradestatus,pbMRQ,preclose,pctChg,open,close,peTTM,isST,turn,pcfNcfTTM,low,date,amount,time
24237613,sh.688256,192.594469,295.0000,3,1,19.997478,64.3900,229.864900,250.0000,212.4000,-67.198140,0,77.922500,-444.654616,205.6000,2020-07-20,5645861832.0000,2020-07-20
17584895,sh.688256,248.450492,285.6000,3,1,25.797123,212.4000,29.001900,208.0000,274.0000,-86.686866,0,56.534400,-573.612829,202.0000,2020-07-21,4292970831.0000,2020-07-21
12701827,sh.688256,254.797767,284.3300,3,1,26.456173,274.0000,2.554700,260.0000,281.0000,-88.901494,0,40.835600,-588.267171,257.7700,2020-07-22,3450335246.0000,2020-07-22
9920207,sh.688256,255.251144,297.7700,3,1,26.503248,281.0000,0.177900,274.9200,281.5000,-89.059682,0,31.892900,-589.313910,268.0000,2020-07-23,2791441975.9400,2020-07-23
11385255,sh.688256,235.148416,276.0000,3,1,24.415941,281.5000,-7.875700,273.0000,259.3300,-82.045639,0,36.602900,-542.901514,240.4400,2020-07-24,2940728530.0000,2020-07-24
8338869,sh.688256,212.189414,257.9000,3,1,22.032061,259.3300,-9.763600,252.2800,234.0100,-74.035013,0,26.809000,-489.894664,227.9400,2020-07-27,2022044467.0000,2020-07-27
5977562,sh.688256,216.387684,243.8000,3,1,22.467976,234.0100,1.978600,236.0000,238.6400,-75.499831,0,19.217500,-499.587465,227.5000,2020-07-28,1410915512.0000,2020-07-28
5473260,sh.688256,218.980999,245.7800,3,1,22.737245,238.6400,1.198500,234.5300,241.5000,-76.404665,0,17.596200,-505.574811,229.6600,2020-07-29,1312286233.0000,2020-07-29
6180875,sh.688256,220.495278,254.9900,3,1,22.894476,241.5000,0.691500,240.0000,243.1700,-76.933012,0,19.871100,-509.070918,236.3600,2020-07-30,1516837929.4300,2020-07-30
5629413,sh.688256,226.325703,255.5500,3,1,23.499861,243.1700,2.644200,238.0100,249.6000,-78.967306,0,18.098200,-522.531978,237.1000,2020-07-31,1392176361.0000,2020-07-31
6972166,sh.688256,226.235028,257.8800,3,1,23.490446,249.6000,-0.040100,250.0100,249.5000,-78.935669,0,22.415100,-522.322630,247.0100,2020-08-03,1760964726.0000,2020-08-03
5908943,sh.688256,213.087101,252.8800,3,1,22.125269,249.5000,-5.811600,250.9700,235.0000,-74.348225,0,18.996900,-491.967207,232.9900,2020-08-04,1424160483.0000,2020-08-04
4082217,sh.688256,214.828068,246.0000,3,1,22.306038,235.0000,0.817000,246.0000,236.9200,-74.955666,0,13.124100,-495.986684,236.7900,2020-08-05,985070039.2900,2020-08-05
5013107,sh.688256,221.093735,247.4500,3,1,22.956615,236.9200,2.916600,233.9600,243.8300,-77.141820,0,16.116800,-510.452613,231.8000,2020-08-06,1211258410.3000,2020-08-06
4853751,sh.688256,206.232043,240.9800,3,1,21.413495,243.8300,-6.721900,240.9800,227.4400,-71.956427,0,15.604500,-476.140517,223.3700,2020-08-07,1119390462.0000,2020-08-07
2517723,sh.688256,201.752680,225.8900,3,1,20.948393,227.4400,-2.172000,219.9900,222.5000,-70.393532,0,8.094300,-465.798739,218.0000,2020-08-10,556920403.0000,2020-08-10
2243543,sh.688256,200.836859,226.3000,3,1,20.853302,222.5000,-0.453900,220.8800,221.4900,-70.073993,0,7.212900,-463.684326,219.1000,2020-08-11,499535721.0000,2020-08-11
2028145,sh.688256,197.454668,222.0000,3,1,20.502122,221.4900,-1.684100,220.3300,217.7600,-68.893913,0,6.520400,-455.875655,213.5000,2020-08-12,437985755.0000,2020-08-12
1744022,sh.688256,192.685144,219.6000,3,1,20.006893,217.7600,-2.415500,219.0000,212.5000,-67.229778,0,5.606900,-444.863964,212.0000,2020-08-13,375895504.0000,2020-08-13
1653598,sh.688256,192.848360,213.9000,3,1,20.023840,212.5000,0.084700,212.3300,212.6800,-67.286725,0,5.316200,-445.240790,207.5000,2020-08-14,348869120.0000,2020-08-14
2056219,sh.688256,198.651583,219.8000,3,1,20.626400,212.6800,3.009200,213.0000,219.0800,-69.311528,0,6.610600,-458.639046,209.6800,2020-08-17,443435980.0000,2020-08-17
1839468,sh.688256,193.872991,219.1800,3,1,20.130229,219.0800,-2.405500,219.1800,213.8100,-67.644230,0,5.913800,-447.606419,212.3000,2020-08-18,394749714.8900,2020-08-18
1968958,sh.688256,186.065843,214.5000,3,1,19.319597,213.8100,-4.026900,213.8800,205.2000,-64.920237,0,6.330100,-429.581578,204.8700,2020-08-19,411339029.0000,2020-08-19
1634059,sh.688256,182.719922,207.2700,3,1,18.972183,205.2000,-1.798200,204.0000,201.5100,-63.752812,0,5.253400,-421.856646,200.1100,2020-08-20,331414026.1300,2020-08-20
1081110,sh.688256,185.839154,205.6200,3,1,19.296059,201.5100,1.707100,202.5000,204.9500,-64.841143,0,3.475700,-429.058209,201.1100,2020-08-21,219802675.6700,2020-08-21
2042284,sh.688256,179.446541,207.8400,3,1,18.632301,204.9500,-3.439900,206.3000,197.9000,-62.610697,0,6.565800,-414.299193,196.5000,2020-08-24,407457572.5500,2020-08-24
2647656,sh.688256,172.265053,199.8800,3,1,17.886633,197.9000,-4.002000,198.3800,189.9800,-60.105003,0,8.512100,-397.718851,189.6600,2020-08-25,513330948.0000,2020-08-25
3925619,sh.688256,159.951338,190.9200,3,1,16.608075,189.9800,-7.148100,189.6600,176.4000,-55.808625,0,12.620600,-369.289427,173.5100,2020-08-26,711521259.0000,2020-08-26
3263707,sh.688256,165.536941,188.8700,3,1,17.188039,176.4000,3.492100,177.2000,182.5600,-57.757498,0,10.492600,-382.185248,170.5100,2020-08-27,586419659.3700,2020-08-27
3513509,sh.688256,160.981658,177.8800,3,1,16.777627,182.5600,-4.535500,177.7300,174.2800,-51.649713,0,11.295700,111.434676,168.0200,2020-08-28,604292859.0000,2020-08-28
2203273,sh.688256,157.028241,177.2000,3,1,16.365599,174.2800,-2.455800,173.0000,170.0000,-50.381290,0,7.083400,108.698043,170.0000,2020-08-31,382994315.0000,2020-08-31
1594161,sh.688256,158.118202,173.8000,3,1,16.479195,170.0000,0.694100,170.2100,171.1800,-50.730996,0,5.125100,109.452536,169.0300,2020-09-01,273420605.0000,2020-09-01
1469648,sh.688256,154.959163,172.3500,3,1,16.149958,171.1800,-1.997900,170.9900,167.7600,-49.717443,0,4.724800,107.265787,167.1200,2020-09-02,248042528.0000,2020-09-02
2584763,sh.688256,157.111374,172.5600,3,1,16.374263,167.7600,1.388900,167.9000,170.0900,-50.407963,0,8.309900,108.755589,164.2800,2020-09-03,437472228.4700,2020-09-03
3431503,sh.688256,161.212582,182.3000,3,1,16.801694,170.0900,2.610400,166.7800,174.5300,-51.723803,0,11.032100,111.594526,166.7800,2020-09-04,606661796.6100,2020-09-04
2828212,sh.688256,151.042694,172.8000,3,1,15.741781,174.5300,-6.308400,170.4000,163.5200,-48.460874,0,9.092500,104.554730,163.5200,2020-09-07,473534230.0000,2020-09-07
1465181,sh.688256,148.585664,163.5100,3,1,15.485707,163.5200,-1.626700,163.5100,160.8600,-47.672555,0,4.710500,102.853925,160.0100,2020-09-08,236398576.0000,2020-09-08
2242834,sh.688256,148.419399,165.9000,3,1,15.468379,160.8600,-0.111900,159.0000,160.6800,-47.619210,0,7.210600,102.738833,155.0000,2020-09-09,359860676.0000,2020-09-09
1454894,sh.688256,145.555943,165.7700,3,1,15.169948,160.6800,-1.929300,162.0000,157.5800,-46.700492,0,4.677400,100.756692,157.3300,2020-09-10,235198490.0000,2020-09-10
1374164,sh.688256,149.601729,162.8900,3,1,15.591602,157.5800,2.779500,158.0700,161.9600,-47.998551,0,4.417900,103.557265,155.5500,2020-09-11,219382545.0000,2020-09-11
1550297,sh.688256,152.151129,167.5000,3,1,15.857303,161.9600,1.704100,164.0000,164.7200,-48.816507,0,4.984100,105.322010,163.0000,2020-09-14,256600966.9600,2020-09-14
2191487,sh.688256,156.418602,170.8700,3,1,16.302062,164.7200,2.804800,163.5000,169.3400,-50.185692,0,7.045500,108.276039,161.2600,2020-09-15,366601497.0000,2020-09-15
1420541,sh.688256,154.044705,170.5500,3,1,16.054653,169.3400,-1.517700,167.0000,166.7700,-49.424046,0,4.567000,106.632780,165.3900,2020-09-16,237916832.0000,2020-09-16
3009337,sh.688256,160.926237,178.0000,3,1,16.771851,166.7700,4.467200,166.7600,174.2200,-51.631932,0,9.674800,111.396312,163.7800,2020-09-17,518489580.0000,2020-09-17
1629983,sh.688256,160.963184,176.5000,3,1,16.775702,174.2200,0.023000,173.0000,174.2600,-51.643786,0,5.240300,111.421888,172.0100,2020-09-18,283449999.0000,2020-09-18
1433184,sh.688256,157.739487,176.8800,3,1,16.439725,174.2600,-2.002800,173.9900,170.7700,-50.609488,0,4.607600,109.190382,169.5000,2020-09-21,246903265.6600,2020-09-21
1023886,sh.688256,154.857557,170.7100,3,1,16.139369,170.7700,-1.827000,169.9800,167.6500,-49.684843,0,3.291700,107.195453,166.6800,2020-09-22,172589092.4800,2020-09-22
1319498,sh.688256,157.721013,172.9000,3,1,16.437800,167.6500,1.849100,168.0300,170.7500,-50.603561,0,4.242100,109.177594,167.0400,2020-09-23,224991493.0000,2020-09-23
1128801,sh.688256,151.957153,170.6700,3,1,15.837086,170.7500,-3.654500,169.0000,164.5100,-48.754271,0,3.629000,105.187736,164.0100,2020-09-24,188412135.0000,2020-09-24
824078,sh.688256,150.054340,165.7700,3,1,15.638774,164.5100,-1.252200,165.0000,162.4500,-48.143768,0,2.649400,103.870571,161.5200,2020-09-25,134494753.6000,2020-09-25
1027627,sh.688256,144.909356,163.4200,3,1,15.102560,162.4500,-3.428700,162.4500,156.8800,-46.493040,0,3.303800,100.309112,156.5000,2020-09-28,163307673.0000,2020-09-28
875555,sh.688256,149.047512,162.5800,3,1,15.533841,156.8800,2.855700,157.9000,161.3600,-47.820735,0,2.814900,103.173625,157.0200,2020-09-29,140840142.5200,2020-09-29
603538,sh.688256,147.966788,163.5000,3,1,15.421208,161.3600,-0.725100,162.1100,160.1900,-47.473993,0,1.940300,102.425527,159.8000,2020-09-30,97405882.0000,2020-09-30
698762,sh.688256,151.236670,164.9800,3,1,15.761997,160.1900,2.209900,164.0000,163.7300,-48.523110,0,2.246500,104.689004,163.0700,2020-10-09,114628812.4800,2020-10-09
2065351,sh.688256,161.000132,175.6500,3,1,16.779552,163.7300,6.455800,164.9400,174.3000,-51.655640,0,6.640000,111.447464,164.0300,2020-10-12,354017709.0000,2020-10-12
1273304,sh.688256,158.783263,174.3000,3,1,16.548509,174.3000,-1.376900,174.3000,171.9000,-50.944375,0,4.093600,109.912904,170.6600,2020-10-13,218964471.0000,2020-10-13
956448,sh.688256,155.504144,172.7400,3,1,16.206756,171.9000,-2.065200,171.0000,168.3500,-49.892295,0,3.074900,107.643033,168.2800,2020-10-14,161956272.6600,2020-10-14
1496560,sh.688256,156.261574,175.0000,3,1,16.285696,168.3500,0.487100,167.9800,169.1700,-50.135311,0,4.811300,108.167341,167.6900,2020-10-15,257138987.1900,2020-10-15
1226507,sh.688256,158.321415,173.9800,3,1,16.500374,169.1700,1.318200,170.4900,171.4000,-50.796195,0,3.943100,109.593204,170.0000,2020-10-16,210804071.6700,2020-10-16
3573909,sh.688256,168.768412,186.3700,3,1,17.589168,171.4000,6.598600,172.2000,182.7100,-54.148032,0,11.489900,116.824821,172.2000,2020-10-19,647545238.0000,2020-10-19
2033631,sh.688256,168.999336,185.8800,3,1,17.613235,182.7100,0.136800,181.4500,182.9600,-54.222123,0,6.538000,116.984671,178.5300,2020-10-20,368933495.0000,2020-10-20
2554978,sh.688256,172.176848,187.0100,3,1,17.944398,182.9600,1.880200,182.6900,186.4000,-55.241603,0,8.214100,119.184208,178.3000,2020-10-21,469257188.0000,2020-10-21
2244238,sh.688256,165.507766,189.9800,3,1,17.249341,186.4000,-3.873400,186.0000,179.1800,-53.101880,0,7.215100,114.567738,179.0800,2020-10-22,414769843.6200,2020-10-22
2128252,sh.688256,158.884869,180.2000,3,1,16.559098,179.1800,-4.001600,179.5100,172.0100,-50.976975,0,6.842200,109.983238,172.0100,2020-10-23,373336872.5500,2020-10-23
1259469,sh.688256,156.843502,172.9000,3,1,16.346345,172.0100,-1.284800,170.0200,169.8000,-50.322018,0,4.049100,108.570163,166.5600,2020-10-26,214092031.0000,2020-10-26
2921881,sh.688256,173.128255,190.3900,3,1,18.043554,169.8000,10.382800,169.8800,187.4300,-55.546854,0,9.393700,119.842790,168.8800,2020-10-27,525108709.7300,2020-10-27
2088590,sh.688256,169.858372,190.0400,3,1,17.702765,187.4300,-1.888700,187.0000,183.8900,-54.497738,0,6.714700,117.579313,182.7200,2020-10-28,388663719.2200,2020-10-28
1746769,sh.688256,149.132709,186.8200,3,1,11.192333,183.8900,-0.418700,181.0200,183.1200,-81.165518,0,5.615800,24.664528,181.0000,2020-10-29,321515612.0000,2020-10-29
3045277,sh.688256,152.357728,193.8800,3,1,11.434369,183.1200,2.162500,183.4300,187.0800,-82.920736,0,9.790400,25.197902,183.4300,2020-10-30,576442853.0000,2020-10-30
2026738,sh.688256,149.938964,193.3800,3,1,11.252842,187.0800,-1.587600,187.0100,184.1100,-81.604322,0,6.515800,24.797871,181.0800,2020-11-02,377113852.9200,2020-11-02
2035723,sh.688256,150.598627,190.6600,3,1,11.302349,184.1100,0.440000,185.9500,184.9200,-81.963344,0,6.544700,24.906971,183.0300,2020-11-03,380681721.4500,2020-11-03
2086595,sh.688256,145.720378,187.9300,3,1,10.936239,184.9200,-3.239200,186.0000,178.9300,-79.308356,0,6.708300,24.100175,178.0000,2020-11-04,379571014.4700,2020-11-04
1450813,sh.688256,149.344452,184.6300,3,1,11.208224,178.9300,2.487000,182.0000,183.3800,-81.280759,0,4.664300,24.699547,179.1300,2020-11-05,264304840.7400,2020-11-05
2366422,sh.688256,153.677054,192.1500,3,1,11.533384,183.3800,2.901100,183.3000,188.7000,-83.638779,0,7.607900,25.416101,182.6600,2020-11-06,445176003.6200,2020-11-06
3700445,sh.688256,160.583156,202.9900,3,1,12.051683,188.7000,4.493900,190.0200,197.1800,-87.397427,0,11.896700,26.558277,190.0000,2020-11-09,727637123.6100,2020-11-09
2490711,sh.688256,153.392015,193.2200,3,1,11.511992,197.1800,-4.478100,193.2200,188.3500,-83.483646,0,8.007500,25.368959,187.5000,2020-11-10,473495398.1200,2020-11-10
1859647,sh.688256,145.777386,188.2900,3,1,10.940518,188.3500,-4.964200,186.0000,179.0000,-79.339382,0,5.978700,24.109603,179.0000,2020-11-11,340231130.3900,2020-11-11
1008985,sh.688256,147.471335,183.6800,3,1,11.067648,179.0000,1.162000,181.0000,181.0800,-80.261315,0,3.243800,24.389759,179.5100,2020-11-12,182876826.7700,2020-11-12
1057510,sh.688256,145.940265,181.7900,3,1,10.952742,181.0800,-1.038200,180.0000,179.2000,-79.428030,0,3.399800,24.136541,175.8000,2020-11-13,189170824.2200,2020-11-13
1517848,sh.688256,141.151601,182.1800,3,1,10.593355,179.2000,-3.281300,179.5800,173.3200,-76.821798,0,4.879800,23.344561,172.5100,2020-11-16,266345078.7700,2020-11-16
1386272,sh.688256,139.262195,175.0000,3,1,10.451556,173.3200,-1.338600,174.0000,171.0000,-75.793488,0,4.456800,23.032079,167.1100,2020-11-17,235107822.9900,2020-11-17
890385,sh.688256,138.708404,172.9900,3,1,10.409994,171.0000,-0.397700,170.7700,170.3200,-75.492087,0,2.862500,22.940489,168.0800,2020-11-18,151845821.6800,2020-11-18
752789,sh.688256,139.400643,172.5000,3,1,10.461946,170.3200,0.499100,169.0000,171.1700,-75.868838,0,2.420200,23.054976,166.7100,2020-11-19,128333450.8600,2020-11-19
659806,sh.688256,138.260485,173.3000,3,1,10.376378,171.1700,-0.817900,171.5000,169.7700,-75.248307,0,2.121200,22.866409,169.4700,2020-11-20,112634070.5200,2020-11-20
756393,sh.688256,137.535670,170.6700,3,1,10.321981,169.7700,-0.524200,168.6500,168.8800,-74.853826,0,2.431800,22.746535,166.7800,2020-11-23,127418444.0700,2020-11-23
890771,sh.688256,138.138325,172.8400,3,1,10.367210,168.8800,0.438200,168.8800,169.6200,-75.181821,0,2.863800,22.846206,168.6600,2020-11-24,152141480.0500,2020-11-24
733840,sh.688256,135.931304,170.3100,3,1,10.201574,169.6200,-1.597700,169.6200,166.9100,-73.980650,0,2.359300,22.481195,166.8100,2020-11-25,123318429.5000,2020-11-25
945516,sh.688256,132.747005,168.3700,3,1,9.962594,166.9100,-2.342600,166.9200,163.0000,-72.247594,0,3.039800,21.954555,162.8200,2020-11-26,155403084.5300,2020-11-26
667604,sh.688256,133.553260,164.7800,3,1,10.023103,163.0000,0.607400,162.0000,163.9900,-72.686398,0,2.146300,22.087898,161.2400,2020-11-27,108867917.6600,2020-11-27
907111,sh.688256,135.418233,168.6600,3,1,10.163069,163.9900,1.396400,165.0000,166.2800,-73.701411,0,2.916300,22.396340,164.1000,2020-11-30,151069921.7500,2020-11-30
650292,sh.688256,135.540393,167.7800,3,1,10.172237,166.2800,0.090200,165.0300,166.4300,-73.767896,0,2.090600,22.416543,165.0300,2020-12-01,108237623.0900,2020-12-01
1144697,sh.688256,138.447797,171.6900,3,1,10.390436,166.4300,2.145000,166.7600,170.0000,-75.350251,0,3.680100,22.897388,166.7600,2020-12-02,194471991.9900,2020-12-02
824922,sh.688256,136.753847,169.9900,3,1,10.263306,170.0000,-1.223500,168.9000,167.9200,-74.428319,0,2.652100,22.617232,167.0100,2020-12-03,138625276.0800,2020-12-03
673302,sh.688256,135.532249,169.8500,3,1,10.171625,167.9200,-0.893300,167.9900,166.4200,-73.763464,0,2.164600,22.415196,166.0100,2020-12-04,112593681.2400,2020-12-04
680811,sh.688256,135.727704,170.8900,3,1,10.186294,166.4200,0.144200,168.3600,166.6600,-73.869841,0,2.188800,22.447522,166.5500,2020-12-07,114713879.4900,2020-12-07
1469393,sh.688256,131.118207,168.5000,3,1,9.840354,166.6600,-3.396100,166.1000,161.0000,-71.361120,0,4.724000,21.685174,160.0000,2020-12-08,240452044.2500,2020-12-08
834108,sh.688256,129.489410,162.4500,3,1,9.718113,161.0000,-1.242200,161.0000,159.0000,-70.474647,0,2.681600,21.415793,158.3300,2020-12-09,133898308.1400,2020-12-09
680522,sh.688256,129.163650,161.8300,3,1,9.693665,159.0000,-0.251600,159.1200,158.6000,-70.297352,0,2.187800,21.361916,158.1900,2020-12-10,108771405.2700,2020-12-10
1121708,sh.688256,132.926173,165.0000,3,1,9.976041,158.6000,2.913000,162.0000,163.2200,-72.345106,0,3.606200,21.984187,160.3000,2020-12-11,182297622.5200,2020-12-11
687312,sh.688256,130.654000,163.0000,3,1,9.805515,163.2200,-1.709300,162.0000,160.4300,-71.108476,0,2.209700,21.608400,159.0000,2020-12-14,110229348.1600,2020-12-14
506269,sh.688256,129.693009,160.9600,3,1,9.733393,160.4300,-0.735500,160.5000,159.2500,-70.585456,0,1.627600,21.449465,158.8400,2020-12-15,80839625.5500,2020-12-15
647482,sh.688256,128.373683,159.6000,3,1,9.634379,159.2500,-1.017300,159.2500,157.6300,-69.867413,0,2.081600,21.231267,157.0100,2020-12-16,102270518.8100,2020-12-16
960064,sh.688256,128.797171,158.5100,3,1,9.666161,157.6300,0.329900,156.1300,158.1500,-70.097896,0,3.086500,21.301306,154.1000,2020-12-17,149935508.3600,2020-12-17
736511,sh.688256,130.026913,162.5000,3,1,9.758453,158.1500,0.954800,159.6800,159.6600,-70.767183,0,2.367800,21.504688,158.6900,2020-12-18,118042171.2300,2020-12-18
797158,sh.688256,131.981470,163.6000,3,1,9.905141,159.6600,1.503200,160.5000,162.0600,-71.830951,0,2.562800,21.827946,157.6600,2020-12-21,129172221.6200,2020-12-21
714312,sh.688256,128.658723,163.5000,3,1,9.655771,162.0600,-2.517600,162.0000,157.9800,-70.022545,0,2.296500,21.278408,157.5800,2020-12-22,114812477.4500,2020-12-22
820654,sh.688256,128.675011,159.9400,3,1,9.656993,157.9800,0.012700,156.5600,158.0000,-70.031410,0,2.638400,21.281102,155.1700,2020-12-23,128919026.3400,2020-12-23
753010,sh.688256,126.248102,159.7700,3,1,9.474855,158.0000,-1.886100,158.0000,155.0200,-68.710565,0,2.420900,20.879724,154.5500,2020-12-24,117707951.9500,2020-12-24
1179143,sh.688256,121.752621,155.9000,3,1,9.137471,155.0200,-3.560800,154.9900,149.5000,-66.263898,0,3.790900,20.136233,149.4800,2020-12-25,178179480.2100,2020-12-25
1850511,sh.688256,111.580780,149.5000,3,1,8.374080,149.5000,-8.354500,149.2900,137.0100,-60.727870,0,5.949300,18.453948,137.0000,2020-12-28,259053270.2700,2020-12-28
941527,sh.688256,112.207867,140.5100,3,1,8.421143,137.0100,0.562000,136.9600,137.7800,-61.069163,0,3.027000,18.557660,136.0800,2020-12-29,130509348.0900,2020-12-29
846697,sh.688256,115.147847,144.0000,3,1,8.641787,137.7800,2.620100,139.4900,141.3900,-62.669247,0,2.722100,19.043893,138.0000,2020-12-30,119320442.0800,2020-12-30
987986,sh.688256,119.537456,147.2000,3,1,8.971224,141.3900,3.812200,141.3000,146.7800,-65.058294,0,3.176300,19.769874,140.8000,2020-12-31,143369599.6700,2020-12-31
897563,sh.688256,120.188975,149.0000,3,1,9.020121,146.7800,0.545000,146.7800,147.5800,-65.412883,0,2.885600,19.877627,145.0000,2021-01-04,131911442.8000,2021-01-04
1479982,sh.688256,124.562297,154.4900,3,1,9.348336,147.5800,3.638700,146.8800,152.9500,-67.793064,0,4.758100,20.600915,146.4400,2021-01-05,224699810.9600,2021-01-05
1038467,sh.688256,122.241260,156.0000,3,1,9.174144,152.9500,-1.863400,151.0100,150.1000,-66.529840,0,3.338600,20.217047,149.1100,2021-01-06,157656610.6400,2021-01-06
1081015,sh.688256,116.662629,149.9800,3,1,8.755470,150.1000,-4.563600,149.7800,143.2500,-63.493668,0,3.475400,19.294417,141.5100,2021-01-07,156404569.0400,2021-01-07
687613,sh.688256,119.293137,147.4600,3,1,8.952888,143.2500,2.254800,143.9000,146.4800,-64.925323,0,2.210600,19.729467,142.0000,2021-01-08,100091948.1100,2021-01-08
1327775,sh.688256,123.886346,155.9900,3,1,9.297606,146.4800,3.850400,145.5100,152.1200,-67.425178,0,4.268700,20.489122,145.4000,2021-01-11,203070112.3800,2021-01-11
825878,sh.688256,124.057370,154.4300,3,1,9.310442,152.1200,0.138000,150.5900,152.3300,-67.518258,0,2.655100,20.517407,149.5000,2021-01-12,125728804.4600,2021-01-12
1116522,sh.688256,121.842205,153.5500,3,1,9.144195,152.3300,-1.785600,151.9300,149.6100,-66.312654,0,3.589600,20.151049,147.1000,2021-01-13,166817178.2700,2021-01-13
2815053,sh.688256,130.083921,163.9600,3,1,9.762731,149.6100,6.764300,147.6000,159.7300,-70.798210,0,9.050200,21.514117,147.6000,2021-01-14,446309206.3500,2021-01-14
1741943,sh.688256,126.313254,162.5000,3,1,9.479745,159.7300,-2.898600,159.0000,155.1000,-68.746024,0,5.600200,20.890500,153.9600,2021-01-15,273870664.7400,2021-01-15
1148981,sh.688256,126.142231,158.5000,3,1,9.466909,155.1000,-0.135400,154.0000,154.8900,-68.652944,0,3.693900,20.862215,151.0000,2021-01-18,178673008.4300,2021-01-18
1425750,sh.688256,122.306412,158.9600,3,1,9.179033,154.8900,-3.040900,153.3500,150.1800,-66.565299,0,4.583700,20.227822,150.0600,2021-01-19,219647284.7500,2021-01-19
2151668,sh.688256,117.599187,149.0800,3,1,8.825758,150.1800,-3.848700,148.3000,144.4000,-64.003390,0,6.521100,19.449311,143.4300,2021-01-20,313031799.1600,2021-01-20
5186183,sh.688256,138.447797,172.0000,3,1,10.390436,144.4000,17.728500,151.0000,170.0000,-75.350251,0,15.717900,22.897388,151.0000,2021-01-21,855545614.8000,2021-01-21
2714913,sh.688256,132.225790,169.0000,3,1,9.923477,170.0000,-4.494100,166.1000,162.3600,-71.963922,0,8.228100,21.868353,161.8000,2021-01-22,446876718.1500,2021-01-22
3569844,sh.688256,140.711825,174.7500,3,1,10.560350,162.3600,6.417800,161.2000,172.7800,-76.582450,0,10.819200,23.271828,158.4800,2021-01-25,606605319.6500,2021-01-25
2787697,sh.688256,139.270339,180.7900,3,1,10.452167,172.7800,-1.024400,172.4000,171.0100,-75.797921,0,8.448700,23.033426,170.4000,2021-01-26,489800085.7500,2021-01-26
1900147,sh.688256,134.880730,175.0900,3,1,10.122729,171.0100,-3.151900,171.7200,165.6200,-73.408874,0,5.758800,22.307444,163.7100,2021-01-27,317162872.6300,2021-01-27
1477743,sh.688256,135.190201,172.2400,3,1,10.145955,165.6200,0.229400,161.1000,166.0000,-73.577304,0,4.478600,22.358626,161.1000,2021-01-28,247506696.5300,2021-01-28
2235775,sh.688256,125.091656,167.9900,3,1,9.388064,166.0000,-7.469900,166.5900,153.6000,-68.081168,0,6.776000,20.688464,152.0000,2021-01-29,352210476.2800,2021-01-29
1207520,sh.688256,122.966075,156.5400,3,1,9.228541,153.6000,-1.699200,150.5000,150.9900,-66.924320,0,3.659700,20.336921,149.3500,2021-02-01,182100414.2200,2021-02-01
1089143,sh.688256,120.278559,152.5000,3,1,9.026844,150.9900,-2.185600,151.9900,147.6900,-65.461639,0,3.300900,19.892443,147.0900,2021-02-02,161694578.3400,2021-02-02
1016571,sh.688256,117.379299,149.9700,3,1,8.809256,147.6900,-2.410500,147.4400,144.1300,-63.883716,0,3.080900,19.412945,144.1000,2021-02-03,148304548.6200,2021-02-03
1268737,sh.688256,114.879095,145.7500,3,1,8.621617,144.1300,-2.130000,143.9400,141.0600,-62.522979,0,3.845200,18.999445,138.2800,2021-02-04,178938784.8600,2021-02-04
747198,sh.688256,112.297451,143.6000,3,1,8.427866,141.0600,-2.247300,141.3400,137.8900,-61.117919,0,2.264500,18.572476,137.8100,2021-02-05,104680847.9400,2021-02-05
783964,sh.688256,113.128138,139.8800,3,1,8.490208,137.8900,0.739700,138.0000,138.9100,-61.570020,0,2.376000,18.709860,136.1200,2021-02-08,108578726.3200,2021-02-08
1093978,sh.688256,118.332146,148.0000,3,1,8.880767,138.9100,4.600100,138.9100,145.3000,-64.402303,0,3.315500,19.570532,138.9100,2021-02-09,158616756.7100,2021-02-09
954070,sh.688256,118.771921,147.5000,3,1,8.913771,145.3000,0.371600,147.5000,145.8400,-64.641651,0,2.891500,19.643265,143.6000,2021-02-10,139304781.4500,2021-02-10
1183736,sh.688256,122.176108,152.8500,3,1,9.169254,145.8400,2.866200,146.0000,150.0200,-66.494381,0,3.587600,20.206272,146.0000,2021-02-18,177640975.5100,2021-02-18
709191,sh.688256,123.194107,151.5500,3,1,9.245654,150.0200,0.833200,149.4900,151.2700,-67.048427,0,2.149400,20.374635,147.0200,2021-02-19,105722586.8800,2021-02-19
942876,sh.688256,120.588031,154.9000,3,1,9.050069,151.2700,-2.115400,151.2500,148.0700,-65.630069,0,2.857600,19.943625,148.0000,2021-02-22,142634824.0400,2021-02-22
640966,sh.688256,118.698626,148.7100,3,1,8.908271,148.0700,-1.566800,147.4600,145.7500,-64.601760,0,1.942600,19.631143,145.0200,2021-02-23,93924096.3500,2021-02-23
793749,sh.688256,118.641618,149.9300,3,1,8.903992,145.7500,-0.048000,145.7700,145.6800,-64.570733,0,2.405600,19.621715,145.2100,2021-02-24,116847373.4700,2021-02-24
947113,sh.688256,122.821380,147.4600,3,1,8.610615,145.6800,-3.294900,146.0000,140.8800,-129.357316,0,2.870400,18.975200,140.3100,2021-02-25,134893716.1400,2021-02-25
1032104,sh.688256,125.558881,145.0000,3,1,8.802533,140.8800,2.228800,138.9300,144.0200,-132.240493,0,3.128000,19.398129,137.1900,2021-02-26,144974102.4100,2021-02-26
1832665,sh.688256,134.059083,154.8900,3,1,9.398455,144.0200,6.769900,144.8000,153.7700,-141.193032,0,5.554300,20.711361,144.0200,2021-03-01,275750603.7300,2021-03-01
1101393,sh.688256,134.556018,156.3600,3,1,9.433293,153.7700,0.370700,154.3100,154.3400,-141.716412,0,3.338000,20.788135,151.6900,2021-03-02,169657052.8000,2021-03-02
1023437,sh.688256,135.741687,157.8900,3,1,9.516417,154.3400,0.881200,152.8000,155.7000,-142.965176,0,3.101800,20.971314,150.2100,2021-03-03,158457990.0300,2021-03-03
753258,sh.688256,134.242164,157.9800,3,1,9.411290,155.7000,-1.104700,154.4900,153.9800,-141.385856,0,2.282900,20.739646,152.8500,2021-03-04,116510447.9800,2021-03-04
934997,sh.688256,133.309321,154.2200,3,1,9.345891,153.9800,-0.694900,152.1400,152.9100,-140.403373,0,2.833700,20.595527,147.8000,2021-03-05,141515596.1900,2021-03-05
1689326,sh.688256,136.622221,158.6800,3,1,9.578148,152.9100,2.485100,154.0000,156.7100,-143.892568,0,5.119900,21.107351,151.3000,2021-03-08,264234978.6600,2021-03-08
1783838,sh.688256,137.834044,163.9600,3,1,9.663105,156.7100,0.887000,154.8700,158.1000,-145.168878,0,5.406300,21.294571,149.0000,2021-03-09,283495490.6400,2021-03-09
1253668,sh.688256,137.964817,163.9000,3,1,9.672273,158.1000,0.094900,162.9000,158.2500,-145.306610,0,3.799500,21.314775,157.6200,2021-03-10,201082425.1000,2021-03-10
1245247,sh.688256,141.495670,163.7900,3,1,9.919810,158.2500,2.559200,157.5000,162.3000,-149.025357,0,3.774000,21.860271,155.1200,2021-03-11,200697511.9900,2021-03-11
2055302,sh.688256,133.387785,167.7700,3,1,9.351392,162.3000,-5.730100,161.5000,153.0000,-140.486011,0,6.229000,20.607649,153.0000,2021-03-12,332095506.4400,2021-03-12
1363301,sh.688256,127.790729,152.9000,3,1,8.959000,153.0000,-4.196100,150.2800,146.5800,-134.591108,0,4.131800,19.742936,146.0000,2021-03-15,201715406.5400,2021-03-15
516481,sh.688256,128.331254,149.5000,3,1,8.996895,146.5800,0.423000,148.9000,147.2000,-135.160398,0,1.565300,19.826444,145.7200,2021-03-16,75975409.3200,2021-03-16
693799,sh.688256,126.587623,149.4000,3,1,8.874655,147.2000,-1.358700,146.0000,145.2000,-133.323979,0,2.102700,19.557063,144.4500,2021-03-17,101802313.6000,2021-03-17
484378,sh.688256,125.733244,146.3800,3,1,8.814757,145.2000,-0.674900,144.6000,144.2200,-132.424134,0,1.468000,19.425067,144.1000,2021-03-18,70222473.8700,2021-03-18
555914,sh.688256,128.130737,146.9700,3,1,8.982837,144.2200,1.906800,144.7900,146.9700,-134.949210,0,1.684800,19.795466,141.3600,2021-03-19,80852839.3800,2021-03-19
388041,sh.688256,128.374845,148.1800,3,1,8.999951,146.9700,0.190500,146.7000,147.2500,-135.206308,0,1.176000,19.833179,145.2000,2021-03-22,56955746.7800,2021-03-22
541806,sh.688256,125.715808,149.6900,3,1,8.813534,147.2500,-2.071300,147.2200,144.2000,-132.405770,0,1.642100,19.422373,143.0100,2021-03-23,79032075.8000,2021-03-23
404875,sh.688256,123.274724,144.7000,3,1,8.642398,144.2000,-1.941700,143.1000,141.4000,-129.834784,0,1.227100,19.045239,141.2600,2021-03-24,57680480.2100,2021-03-24
299195,sh.688256,123.100361,142.8800,3,1,8.630174,141.4000,-0.141400,141.0500,141.2000,-129.651143,0,0.906800,19.018301,140.3100,2021-03-25,42350751.1400,2021-03-25
340449,sh.688256,124.530138,143.2500,3,1,8.730411,141.2000,1.161500,142.0100,142.8400,-131.157006,0,1.031800,19.239194,141.3400,2021-03-26,48481112.9700,2021-03-26
436434,sh.688256,122.490090,143.9600,3,1,8.587390,142.8400,-1.638200,143.0000,140.5000,-129.008396,0,1.322700,18.924018,140.3000,2021-03-29,61974871.6400,2021-03-29
277987,sh.688256,122.219827,141.5800,3,1,8.568442,140.5000,-0.220600,139.5000,140.1900,-128.723751,0,0.842500,18.882264,139.5000,2021-03-30,39013685.8600,2021-03-30
253713,sh.688256,122.830098,141.3900,3,1,8.611226,140.1900,0.499300,140.0800,140.8900,-129.366498,0,0.768900,18.976547,139.2800,2021-03-31,35685445.1400,2021-03-31
472595,sh.688256,124.835274,145.1800,3,1,8.751803,140.8900,1.632500,141.5500,143.1900,-131.478379,0,1.432300,19.286335,141.4200,2021-04-01,67767607.7700,2021-04-01
644778,sh.688256,127.293794,148.0000,3,1,8.924162,143.1900,1.969400,144.6900,146.0100,-134.067729,0,1.954100,19.666163,143.5500,2021-04-02,94381919.2700,2021-04-02
396193,sh.688256,125.541444,147.3000,3,1,8.801310,146.0100,-1.376600,147.0000,144.0000,-132.222128,0,1.200700,19.395435,143.6700,2021-04-06,57237161.3200,2021-04-06
306399,sh.688256,124.931174,144.2400,3,1,8.758526,144.0000,-0.486100,144.2400,143.3000,-131.579382,0,0.928600,19.301151,142.0100,2021-04-07,43828985.1700,2021-04-07
383048,sh.688256,123.536269,144.8000,3,1,8.660734,143.3000,-1.116500,143.2700,141.7000,-130.110247,0,1.160900,19.085647,141.6800,2021-04-08,54841983.0900,2021-04-08
516221,sh.688256,123.797813,142.0000,3,1,8.679070,141.7000,0.211700,141.4100,142.0000,-130.385710,0,1.564500,19.126054,139.8600,2021-04-09,72607563.6700,2021-04-09
396495,sh.688256,121.339293,142.7500,3,1,8.506711,142.0000,-1.985900,141.9900,139.1800,-127.796360,0,1.201700,18.746226,139.0200,2021-04-12,55555951.3400,2021-04-12
323953,sh.688256,120.824922,139.8300,3,1,8.470650,139.1800,-0.423900,138.3800,138.5900,-127.254616,0,0.981800,18.666759,138.1100,2021-04-13,44964179.2900,2021-04-13
321251,sh.688256,121.278266,140.5600,3,1,8.502432,138.5900,0.375200,138.5900,139.1100,-127.732085,0,0.973600,18.736798,138.3100,2021-04-14,44719184.9200,2021-04-14
1169468,sh.688256,114.469387,138.9600,3,1,8.025084,139.1100,-5.614300,138.9600,131.3000,-120.560871,0,3.544300,17.684865,127.0000,2021-04-15,153899737.9800,2021-04-15
812413,sh.688256,114.451950,131.9800,3,1,8.023861,131.3000,-0.015200,131.0000,131.2800,-120.542507,0,2.462200,17.682171,127.8000,2021-04-16,105384468.4100,2021-04-16
760573,sh.688256,115.480693,133.2500,3,1,8.095983,131.2800,0.898800,131.3900,132.4600,-121.625994,0,2.305100,17.841106,129.6700,2021-04-19,100223675.1800,2021-04-19
976314,sh.688256,112.141639,132.5400,3,1,7.861893,132.4600,-2.891400,132.5000,128.6300,-118.109253,0,2.958900,17.325241,128.5600,2021-04-20,126968780.1500,2021-04-20
543986,sh.688256,113.336026,131.5300,3,1,7.945627,128.6300,1.065100,128.0000,130.0000,-119.367199,0,1.648700,17.509767,127.8000,2021-04-21,70574277.8500,2021-04-21
517969,sh.688256,113.859116,131.4800,3,1,7.982299,130.0000,0.461500,129.9900,130.6000,-119.918125,0,1.569800,17.590582,129.5500,2021-04-22,67732862.8200,2021-04-22
483041,sh.688256,113.301154,131.8700,3,1,7.943182,130.6000,-0.490000,130.0000,129.9600,-119.330471,0,1.464000,17.504380,129.3800,2021-04-23,63119966.4300,2021-04-23
582032,sh.688256,113.248845,132.1800,3,1,7.939515,129.9600,-0.046200,130.0000,129.9000,-119.275378,0,1.764000,17.496298,128.9100,2021-04-26,76056918.5000,2021-04-26
1803468,sh.688256,98.803258,128.8100,3,1,7.629347,129.9000,-8.083100,128.8100,119.4000,-89.840081,0,5.465800,42.959138,119.2100,2021-04-27,221393715.7900,2021-04-27
1227983,sh.688256,97.810261,120.6000,3,1,7.552671,119.4000,-1.005000,120.5100,118.2000,-88.937165,0,3.721700,42.527388,116.5800,2021-04-28,144426131.0900,2021-04-28
829610,sh.688256,96.196640,120.4700,3,1,7.428071,118.2000,-1.649700,117.5000,116.2500,-87.469928,0,2.514300,41.825794,116.0200,2021-04-29,97531822.0100,2021-04-29
1394523,sh.688256,92.423249,116.7500,3,1,7.136699,116.2500,-3.922600,116.7500,111.6900,-84.038849,0,4.226400,40.185143,111.1100,2021-04-30,157212291.2800,2021-04-30
866877,sh.688256,91.637126,112.3900,3,1,7.075996,111.6900,-0.850600,112.3900,110.7400,-83.324041,0,2.627300,39.843341,109.5000,2021-05-06,95710486.1400,2021-05-06
806821,sh.688256,88.302309,111.4800,3,1,6.818490,110.7400,-3.639200,110.8300,106.7100,-80.291750,0,2.445200,38.393380,106.6600,2021-05-07,87517301.4600,2021-05-07
725846,sh.688256,87.135537,108.3000,3,1,6.728394,106.7100,-1.321300,106.8000,105.3000,-79.230825,0,2.199800,37.886074,104.6500,2021-05-10,77020381.7600,2021-05-10
1083472,sh.688256,91.868825,113.0000,3,1,7.093887,105.3000,5.432100,105.8100,111.0200,-83.534722,0,3.283700,39.944083,105.4800,2021-05-11,119885636.2700,2021-05-11
542431,sh.688256,90.867553,111.8100,3,1,7.016572,111.0200,-1.089900,110.7700,109.8100,-82.624282,0,1.644000,39.508735,107.8400,2021-05-12,59294771.9400,2021-05-12
1745216,sh.688256,94.955393,120.4200,3,1,7.332225,109.8100,4.498700,109.6600,114.7500,-86.341284,0,5.289300,41.286106,109.0000,2021-05-13,203368439.7000,2021-05-13
830514,sh.688256,94.376144,114.5000,3,1,7.287496,114.7500,-0.610000,113.0000,114.0500,-85.814583,0,2.517100,41.034252,112.3000,2021-05-14,94150564.6100,2021-05-14
725676,sh.688256,92.894923,115.9000,3,1,7.173120,114.0500,-1.569500,113.5600,112.2600,-84.467734,0,2.199300,40.390225,112.2200,2021-05-17,82320301.9300,2021-05-17
689561,sh.688256,94.475444,116.1900,3,1,7.295164,112.2600,1.701400,114.5000,114.1700,-85.904874,0,2.089900,41.077427,113.0000,2021-05-18,79073376.3300,2021-05-18
439048,sh.688256,93.225922,114.5000,3,1,7.198679,114.1700,-1.322600,113.1700,112.6600,-84.768706,0,1.330600,40.534141,112.0000,2021-05-19,49627434.2200,2021-05-19
529786,sh.688256,93.813445,116.3900,3,1,7.244046,112.6600,0.630200,113.0000,113.3700,-85.302931,0,1.605600,40.789594,112.6900,2021-05-20,60636567.7600,2021-05-20
426958,sh.688256,93.374871,114.4600,3,1,7.210181,113.3700,-0.467500,113.3600,112.8400,-84.904143,0,1.294000,40.598904,112.4300,2021-05-21,48341060.5800,2021-05-21
579324,sh.688256,93.085247,113.0200,3,1,7.187817,112.8400,-0.310200,112.0800,112.4900,-84.640793,0,1.755800,40.472977,110.0500,2021-05-24,64585332.7800,2021-05-24
689305,sh.688256,94.392694,114.6800,3,1,7.288774,112.4900,1.404600,112.0000,114.0700,-85.829631,0,2.089100,41.041448,112.0000,2021-05-25,78344162.4400,2021-05-25
624648,sh.688256,94.516819,116.0000,3,1,7.298359,114.0700,0.131500,114.4300,114.2200,-85.942496,0,1.893100,41.095417,114.0500,2021-05-26,71865065.8100,2021-05-26
1306466,sh.688256,97.884735,119.3900,3,1,7.558421,114.2200,3.563300,114.0000,118.2900,-89.004884,0,3.959500,42.559769,113.4100,2021-05-27,153616070.0200,2021-05-27
865427,sh.688256,95.451891,117.7000,3,1,7.370563,118.2900,-2.485400,117.7000,115.3500,-86.792741,0,2.622900,41.501981,115.0400,2021-05-28,100618878.6800,2021-05-28
877705,sh.688256,98.182635,118.8600,3,1,7.581424,115.3500,2.860900,115.8800,118.6500,-89.275759,0,2.660100,42.689294,115.8000,2021-05-31,103292964.1000,2021-05-31
2200445,sh.688256,103.106248,127.7100,3,1,7.961614,118.6500,5.014700,119.5800,124.6000,-93.752714,0,6.668900,44.830055,119.5800,2021-06-01,275314462.6800,2021-06-01
1084944,sh.688256,101.989125,125.4600,3,1,7.875352,124.6000,-1.083500,122.8000,123.2500,-92.736934,0,3.288200,44.344336,121.8100,2021-06-02,133673157.5200,2021-06-02
759700,sh.688256,101.037503,124.5900,3,1,7.801870,123.2500,-0.933100,124.2500,122.1000,-91.871640,0,2.302400,43.930576,121.0000,2021-06-03,93199835.0900,2021-06-03
961428,sh.688256,99.109432,123.6600,3,1,7.652990,122.1000,-1.908300,121.7900,119.7700,-90.118480,0,2.913800,43.092261,119.2100,2021-06-04,116290236.9400,2021-06-04
1054954,sh.688256,100.243105,125.7600,3,1,7.740529,119.7700,1.143900,121.0000,121.1400,-91.149308,0,3.197300,43.585176,120.5000,2021-06-07,129363986.1800,2021-06-07
1055117,sh.688256,97.115162,120.9500,3,1,7.498997,121.1400,-3.120400,120.7000,117.3600,-88.305124,0,3.197800,42.225163,116.7000,2021-06-08,125057108.1000,2021-06-08
729650,sh.688256,97.024138,119.7200,3,1,7.491968,117.3600,-0.093700,118.0000,117.2500,-88.222357,0,2.211400,42.185586,117.0300,2021-06-09,86072961.7100,2021-06-09
1197269,sh.688256,100.342404,122.0000,3,1,7.748197,117.2500,3.420000,118.0100,121.2600,-91.239599,0,3.628600,43.628351,116.7800,2021-06-10,143098900.6400,2021-06-10
1107231,sh.688256,96.908288,121.8800,3,1,7.483022,121.2600,-3.422400,121.8100,117.1100,-88.117017,0,3.355700,42.135215,116.9300,2021-06-11,130870574.8900,2021-06-11
1162786,sh.688256,98.679134,121.3800,3,1,7.619763,117.1100,1.827300,117.0000,119.2500,-89.727216,0,3.524100,42.905169,115.9900,2021-06-15,138567405.5100,2021-06-15
1108423,sh.688256,98.224010,123.3800,3,1,7.584619,119.2500,-0.461200,119.2000,118.7000,-89.313380,0,3.359300,42.707284,117.8800,2021-06-16,133610013.5300,2021-06-16
2301945,sh.688256,103.850996,127.9900,3,1,8.019122,118.7000,5.728700,118.7100,125.5000,-94.429900,0,6.976600,45.153868,117.7000,2021-06-17,283860953.1700,2021-06-17
1316327,sh.688256,102.469074,126.5000,3,1,7.912413,125.5000,-1.330700,124.3200,123.8300,-93.173343,0,3.989400,44.553016,123.1100,2021-06-18,163712553.7400,2021-06-18
1358920,sh.688256,104.926743,128.5500,3,1,8.102188,123.8300,2.398400,124.0000,126.8000,-95.408059,0,4.118500,45.621597,123.0000,2021-06-21,171698407.5200,2021-06-21
1187087,sh.688256,102.700774,128.5000,3,1,7.930304,126.8000,-2.121500,127.0100,124.1100,-93.384023,0,3.597700,44.653757,123.8000,2021-06-22,148764907.3100,2021-06-22
2590508,sh.688256,108.402235,133.8700,3,1,8.370557,124.1100,5.551500,125.2600,131.0000,-98.568263,0,7.851100,47.132723,125.0000,2021-06-23,340237505.9500,2021-06-23
2590174,sh.688256,112.332850,138.8800,3,1,8.674070,131.0000,3.626000,129.3600,135.7500,-102.142303,0,7.850100,48.841734,129.2000,2021-06-24,349346217.9600,2021-06-24
1682590,sh.688256,111.546727,137.1800,3,1,8.613367,135.7500,-0.699800,135.7700,134.8000,-101.427495,0,5.099500,48.499931,131.8100,2021-06-25,225925707.8300,2021-06-25
1388191,sh.688256,110.984028,136.7800,3,1,8.569917,134.8000,-0.504500,133.5000,134.1200,-100.915843,0,4.207200,48.255273,132.3600,2021-06-28,186610222.9300,2021-06-28
1786996,sh.688256,111.960476,139.3000,3,1,8.645316,134.1200,0.879800,135.0300,135.3000,-101.803709,0,5.415900,48.679827,132.5300,2021-06-29,244405945.4700,2021-06-29
1913760,sh.688256,114.360220,139.9500,3,1,8.830618,135.3000,2.143400,135.7000,138.2000,-103.985755,0,5.800100,49.723223,133.8000,2021-06-30,263715253.8200,2021-06-30
1703862,sh.688256,110.553729,138.2000,3,1,8.536690,138.2000,-3.328500,137.1500,133.6000,-100.524579,0,5.163900,48.068181,133.1100,2021-07-01,231268419.9200,2021-07-01
1433784,sh.688256,105.439792,134.3900,3,1,8.141804,133.6000,-4.625700,132.8200,127.4200,-95.874565,0,4.345400,45.844668,127.2000,2021-07-02,185357738.2100,2021-07-02
1694981,sh.688256,111.050228,134.7800,3,1,8.575029,127.4200,5.321000,128.0800,134.2000,-100.976037,0,5.137000,48.284056,128.0800,2021-07-05,224800590.8000,2021-07-05
1749593,sh.688256,106.316940,135.8800,3,1,8.209536,134.2000,-4.262300,134.2000,128.4800,-96.672140,0,5.302500,46.226047,126.6600,2021-07-06,227716415.2900,2021-07-06
924795,sh.688256,108.650484,131.4900,3,1,8.389726,128.4800,2.194900,127.4300,131.3000,-98.793992,0,2.802800,47.240660,127.1800,2021-07-07,120028334.8000,2021-07-07
1259481,sh.688256,109.602107,134.2000,3,1,8.463208,131.3000,0.875900,132.1800,132.4500,-99.659285,0,3.817100,47.654421,129.7000,2021-07-08,166583970.4800,2021-07-08
2058838,sh.688256,111.207453,138.5000,3,1,8.587169,132.4500,1.464700,133.9400,134.3900,-101.118999,0,6.239800,48.352417,133.3900,2021-07-09,281001411.4300,2021-07-09
1573532,sh.688256,109.072508,134.0100,3,1,8.422314,134.3900,-1.919800,134.0100,131.8100,-99.177731,0,4.768900,47.424154,129.0000,2021-07-12,206660340.1900,2021-07-12
1645690,sh.688256,104.769519,132.6800,3,1,8.090048,131.8100,-3.945100,131.8000,126.6100,-95.265097,0,4.987600,45.553237,126.5100,2021-07-13,211046169.5100,2021-07-13
1443599,sh.688256,100.292755,127.1000,3,1,7.744363,126.6100,-4.273000,126.6500,121.2000,-91.194454,0,4.375100,43.606763,121.1900,2021-07-14,177511107.5500,2021-07-14
937024,sh.688256,98.472259,121.5600,3,1,7.603789,121.2000,-1.815200,121.0000,119.0000,-89.539109,0,2.839900,42.815221,117.8200,2021-07-15,111578281.0700,2021-07-15
966367,sh.688256,99.812806,123.9900,3,1,7.707302,119.0000,1.361300,121.6600,120.6200,-90.758045,0,2.928800,43.398084,120.2500,2021-07-16,118088688.4300,2021-07-16
1002147,sh.688256,96.651763,122.6100,3,1,7.463214,120.6200,-3.167000,122.5900,116.8000,-87.883764,0,3.037200,42.023679,116.5600,2021-07-19,118561059.1200,2021-07-19
4089074,sh.688256,89.634581,113.0000,3,1,6.921364,116.8000,-7.260300,112.0000,108.3200,-81.503162,0,1.701900,38.972645,106.6000,2021-07-20,448049208.9400,2021-07-20
3350580,sh.688256,88.922932,109.0800,3,1,6.866413,108.3200,-0.793900,108.9100,107.4600,-80.856073,0,1.394500,38.663224,107.2800,2021-07-21,362095761.4800,2021-07-21
4776462,sh.688256,91.786075,111.2000,3,1,7.087498,107.4600,3.219800,108.1700,110.9200,-83.459479,0,1.988000,39.908104,105.3800,2021-07-22,518932793.7100,2021-07-22
5017008,sh.688256,84.628218,107.0100,3,1,6.534785,110.9200,-7.798400,106.6000,102.2700,-76.950964,0,2.088100,36.795905,101.1200,2021-07-23,519392368.4200,2021-07-23
3797106,sh.688256,84.744068,103.6400,3,1,6.543731,102.2700,0.136900,100.9900,102.4100,-77.056304,0,1.580400,36.846276,97.0000,2021-07-26,381138358.0000,2021-07-26
9868443,sh.688256,90.031780,119.6000,3,1,6.952035,102.4100,6.239600,102.0000,108.8000,-81.864328,0,4.107300,39.145345,101.0200,2021-07-27,1091023567.7900,2021-07-27
4843642,sh.688256,83.271121,107.9800,3,1,6.429994,108.8000,-7.509200,106.6500,100.6300,-75.716979,0,2.015900,36.205846,99.9000,2021-07-28,498055031.3500,2021-07-28
4410379,sh.688256,84.793717,105.8800,3,1,6.547565,100.6300,1.828500,102.8800,102.4700,-77.101449,0,1.835600,36.867863,100.1800,2021-07-29,455158378.9300,2021-07-29
4006429,sh.688256,82.865647,104.0200,3,1,6.398684,102.4700,-2.273800,98.0000,100.1400,-75.348289,0,1.667500,36.029548,97.5000,2021-07-30,403162986.9800,2021-07-30
4381034,sh.688256,87.971310,106.6600,3,1,6.792931,100.1400,6.161400,99.8700,106.3100,-79.990779,0,1.823400,38.249464,98.1500,2021-08-02,454737286.5700,2021-08-02
3031671,sh.688256,85.480541,107.8600,3,1,6.600600,106.3100,-2.831300,106.1200,103.3000,-77.725966,0,1.261800,37.166490,102.4200,2021-08-03,316578673.3900,2021-08-03
2491165,sh.688256,86.308039,106.2100,3,1,6.664497,103.3000,0.968100,102.9900,104.3000,-78.478395,0,1.036800,37.526282,102.9700,2021-08-04,261299406.2300,2021-08-04
7893270,sh.688256,92.994222,118.9700,3,1,7.180788,104.3000,7.746900,103.0000,112.3800,-84.558026,0,3.285200,40.433400,100.7900,2021-08-05,872776456.4100,2021-08-05
4513163,sh.688256,90.106254,116.5500,3,1,6.957786,112.3800,-3.105500,112.8000,108.8900,-81.932047,0,1.878400,39.177726,107.7200,2021-08-06,497752421.8300,2021-08-06
3056465,sh.688256,87.168637,106.8800,3,1,6.730950,108.8900,-3.260200,105.8600,105.3400,-79.260922,0,1.272100,37.900466,104.0000,2021-08-09,321967661.5600,2021-08-09
2945874,sh.688256,86.423889,106.6800,3,1,6.673443,105.3400,-0.854400,105.3300,104.4400,-78.583736,0,1.226100,37.576653,102.9000,2021-08-10,307603471.2500,2021-08-10
1989887,sh.688256,85.770165,104.9000,3,1,6.622964,104.4400,-0.756400,104.0000,103.6500,-77.989316,0,0.828200,37.292418,102.5600,2021-08-11,205951403.3200,2021-08-11
2833638,sh.688256,81.378891,106.3100,3,1,6.780115,103.6500,0.000000,102.2000,103.6500,-66.431994,0,1.179400,21.780187,101.9100,2021-08-12,295726486.1400,2021-08-12
3410618,sh.688256,78.285473,103.0000,3,1,6.522386,103.6500,-3.801300,103.0000,99.7100,-63.906745,0,1.419500,20.952267,99.5000,2021-08-13,343214773.6600,2021-08-13
1734329,sh.688256,78.316878,101.7800,3,1,6.525002,99.7100,0.040100,99.3500,99.7500,-63.932382,0,0.721800,20.960672,98.3000,2021-08-16,173306556.4400,2021-08-16
2191958,sh.688256,77.571003,102.3200,3,1,6.462860,99.7500,-0.952400,99.7500,98.8000,-63.323503,0,0.912300,20.761047,98.8000,2021-08-17,219552442.3900,2021-08-17
1546885,sh.688256,77.068519,99.5300,3,1,6.420995,98.8000,-0.647800,98.3900,98.1600,-62.913310,0,0.643800,20.626563,97.8100,2021-08-18,152267416.7500,2021-08-18
1450820,sh.688256,77.421828,100.5000,3,1,6.450431,98.1600,0.458400,97.9800,98.6100,-63.201727,0,0.603800,20.721122,97.8500,2021-08-19,143568102.2100,2021-08-19
2119301,sh.688256,78.434648,101.1800,3,1,6.534814,98.6100,1.308200,99.4700,99.9000,-64.028521,0,0.882100,20.992192,98.5000,2021-08-20,211536825.3100,2021-08-20
2074689,sh.688256,78.890024,100.8800,3,1,6.572754,99.9000,0.580600,100.0500,100.4800,-64.400258,0,0.863500,21.114069,98.3300,2021-08-23,207301009.7900,2021-08-23
2392136,sh.688256,77.492490,100.9000,3,1,6.456318,100.4800,-1.771500,100.9000,98.7000,-63.259410,0,0.995600,20.740034,98.5800,2021-08-24,237314635.9100,2021-08-24
1526154,sh.688256,77.139180,99.5300,3,1,6.426882,98.7000,-0.455900,99.5000,98.2500,-62.970993,0,0.635200,20.645474,97.6000,2021-08-25,150285796.6500,2021-08-25
4150295,sh.688256,71.918055,98.8800,3,1,5.991882,98.2500,-6.768400,98.2000,91.6000,-58.708834,0,1.727400,19.248096,91.6000,2021-08-26,392202978.7000,2021-08-26
1431774,sh.688256,71.768880,92.5000,3,1,5.979453,91.6000,-0.207400,91.4100,91.4100,-58.587058,0,0.595900,19.208171,90.8000,2021-08-27,131028574.3900,2021-08-27
1722145,sh.688256,72.907321,94.7800,3,1,6.074303,91.4100,1.586300,91.2800,92.8600,-59.516401,0,0.716800,19.512863,91.0200,2021-08-30,160415125.0200,2021-08-30
2368733,sh.688256,69.609768,92.7500,3,1,5.799566,92.8600,-4.522900,92.0600,88.6600,-56.824512,0,0.985900,18.630308,87.2900,2021-08-31,210334574.1800,2021-08-31
1622639,sh.688256,70.347792,89.8200,3,1,5.861055,88.6600,1.060200,88.6600,89.6000,-57.426982,0,0.675300,18.827832,86.8900,2021-09-01,143529622.8700,2021-09-01
1262185,sh.688256,69.232905,89.8500,3,1,5.768168,89.6000,-1.584800,89.2600,88.1800,-56.516867,0,0.525300,18.529445,87.6300,2021-09-02,111536072.3900,2021-09-02
2077652,sh.688256,71.768880,94.3500,3,1,5.979453,88.1800,3.663000,88.4000,91.4100,-58.587058,0,0.864700,19.208171,88.1900,2021-09-03,189801846.8900,2021-09-03
1711109,sh.688256,71.918055,93.2200,3,1,5.991882,91.4100,0.207900,90.8900,91.6000,-58.708834,0,0.712200,19.248096,90.0100,2021-09-06,157089393.4800,2021-09-06
1453677,sh.688256,71.164329,92.3000,3,1,5.929085,91.6000,-1.048000,91.3200,90.6400,-58.093545,0,0.605000,19.046369,90.0400,2021-09-07,131912025.1100,2021-09-07
1723207,sh.688256,72.711038,92.9600,3,1,6.057950,90.6400,2.173400,90.6500,92.6100,-59.356170,0,0.717200,19.460330,90.4800,2021-09-08,158473095.6700,2021-09-08
1406485,sh.688256,70.897384,92.5500,3,1,5.906844,92.6100,-2.494300,92.5500,90.3000,-57.875630,0,0.585400,18.974925,90.1800,2021-09-09,127866796.7700,2021-09-09
2027023,sh.688256,72.027974,92.6900,3,1,6.001040,90.3000,1.594700,90.3000,91.7400,-58.798564,0,0.843700,19.277515,89.5100,2021-09-10,185152143.7200,2021-09-10
1509806,sh.688256,70.363495,91.5000,3,1,5.862363,91.7400,-2.310900,91.5000,89.6200,-57.439801,0,0.628400,18.832035,89.3500,2021-09-13,135913164.5500,2021-09-13
1311831,sh.688256,69.484147,90.3600,3,1,5.789100,89.6200,-1.249700,89.6000,88.5000,-56.721963,0,0.546000,18.596687,88.3600,2021-09-14,117231600.0700,2021-09-14
1888885,sh.688256,67.646939,89.0300,3,1,5.636032,88.5000,-2.644100,88.3100,86.1600,-55.222196,0,0.786200,18.104978,85.8100,2021-09-15,163894406.6500,2021-09-15
1285868,sh.688256,66.783294,86.8800,3,1,5.564077,86.1600,-1.276700,86.2000,85.0600,-54.517177,0,0.535200,17.873833,85.0200,2021-09-16,110162933.6400,2021-09-16
1202397,sh.688256,67.427102,86.1400,3,1,5.617716,85.0600,0.964000,85.8000,85.8800,-55.042737,0,0.500400,18.046141,84.6300,2021-09-17,102704147.7100,2021-09-17
1757517,sh.688256,65.032451,84.9200,3,1,5.418205,85.8800,-3.551500,84.7700,82.8300,-53.087912,0,0.731500,17.405238,82.3500,2021-09-22,146705768.7500,2021-09-22
1136970,sh.688256,65.479976,84.4500,3,1,5.455491,82.8300,0.688200,82.6800,83.4000,-53.453240,0,0.473200,17.525013,82.3600,2021-09-23,95224454.0300,2021-09-23
1224907,sh.688256,64.372940,84.3000,3,1,5.363258,83.4000,-1.690600,83.4500,81.9900,-52.549534,0,0.509800,17.228727,81.8700,2021-09-24,101552249.0600,2021-09-24
1779415,sh.688256,62.582840,83.5000,3,1,5.214115,81.9900,-2.780800,82.6400,79.7100,-51.088223,0,0.740600,16.749626,79.3000,2021-09-27,143727698.2900,2021-09-27
1179351,sh.688256,62.912596,81.7500,3,1,5.241588,79.7100,0.526900,79.9100,80.1300,-51.357412,0,0.490800,16.837882,78.8200,2021-09-28,94785500.9400,2021-09-28
1495766,sh.688256,61.358035,80.0000,3,1,5.112070,80.1300,-2.471000,79.5200,78.1500,-50.088378,0,0.622500,16.421820,77.8800,2021-09-29,117934274.1000,2021-09-29
1138408,sh.688256,62.512179,80.6000,3,1,5.208228,78.1500,1.881000,78.7900,79.6200,-51.030539,0,0.473800,16.730714,78.1900,2021-09-30,90722721.7300,2021-09-30
1176755,sh.688256,63.964672,82.7700,3,1,5.329243,79.6200,2.323500,79.5000,81.4700,-52.216253,0,0.489800,17.119459,79.5000,2021-10-08,95694023.7400,2021-10-08
889807,sh.688256,64.380792,82.3700,3,1,5.363912,81.4700,0.650500,81.9900,82.0000,-52.555943,0,0.370300,17.230829,81.2100,2021-10-11,72830851.8700,2021-10-11
1274026,sh.688256,62.582840,81.8100,3,1,5.214115,82.0000,-2.792700,81.1000,79.7100,-51.088223,0,0.530300,16.749626,78.7900,2021-10-12,101726011.4900,2021-10-12
1558030,sh.688256,63.085325,82.1300,3,1,5.255979,79.7100,0.802900,79.9000,80.3500,-51.498415,0,0.648500,16.884111,79.5000,2021-10-13,125525306.6000,2021-10-13
1146078,sh.688256,62.127464,80.2000,3,1,5.176175,80.3500,-1.518400,79.6500,79.1300,-50.716485,0,0.477000,16.627750,79.0300,2021-10-14,90896322.2300,2021-10-14
1340769,sh.688256,62.614246,80.7000,3,1,5.216731,79.1300,0.783500,79.1400,79.7500,-51.113860,0,0.558000,16.758031,78.5400,2021-10-15,106842754.5400,2021-10-15
2012742,sh.688256,60.651417,79.7500,3,1,5.053197,79.7500,-3.134800,79.7500,77.2500,-49.511544,0,0.837700,16.232701,76.5000,2021-10-18,155715189.5200,2021-10-18
1319550,sh.688256,60.415877,77.6800,3,1,5.033573,77.2500,-0.388300,77.1800,76.9500,-49.319266,0,0.549200,16.169662,76.3100,2021-10-19,101624683.5600,2021-10-19
1634745,sh.688256,60.792740,78.7500,3,1,5.064972,76.9500,0.623800,77.4000,77.4300,-49.626911,0,0.680400,16.270525,77.1100,2021-10-20,127425722.7500,2021-10-20
1829592,sh.688256,59.363801,77.4700,3,1,4.945919,77.4300,-2.350500,77.3000,75.6100,-48.460425,0,0.761500,15.888085,75.5100,2021-10-21,139540422.5600,2021-10-21
1623772,sh.688256,59.497273,76.9300,3,1,4.957039,75.6100,0.224800,76.4600,75.7800,-48.569383,0,0.675800,15.923807,75.6100,2021-10-22,123859897.6200,2021-10-22
1764031,sh.688256,59.748515,76.2300,3,1,4.977972,75.7800,0.422300,75.4500,76.1000,-48.774479,0,0.734200,15.991049,73.8800,2021-10-25,132053202.8800,2021-10-25
3989487,sh.688256,62.041100,81.1800,3,1,5.168979,76.1000,3.837100,76.0000,79.0200,-50.645984,0,1.660400,16.604635,75.7200,2021-10-26,317375716.5700,2021-10-26
2654103,sh.688256,58.861317,79.5900,3,1,4.904054,79.0200,-5.125300,78.2000,74.9700,-48.050233,0,1.104600,15.753600,74.3500,2021-10-27,201839320.3600,2021-10-27
1374779,sh.688256,58.358832,76.3300,3,1,4.862190,74.9700,-0.853700,74.7900,74.3300,-47.640040,0,0.572200,15.619116,73.9000,2021-10-28,103186037.6400,2021-10-28
1938323,sh.688256,60.148932,77.8900,3,1,5.011333,74.3300,3.067400,74.4200,76.6100,-49.101352,0,0.806700,16.098217,74.3400,2021-10-29,148050389.2500,2021-10-29
2536330,sh.688256,61.013755,80.2000,3,1,5.385256,76.6100,4.268400,76.0000,79.8800,-42.361656,0,1.055600,70.149225,74.8700,2021-11-01,198817919.4400,2021-11-01
1944040,sh.688256,60.150641,81.0000,3,1,5.309075,79.8800,-1.414600,79.8600,78.7500,-41.762398,0,0.809100,69.156878,78.1500,2021-11-02,154713773.7900,2021-11-02
1406502,sh.688256,60.196470,80.4800,3,1,5.313120,78.7500,0.076200,78.6100,78.8100,-41.794217,0,0.585400,69.209569,78.2100,2021-11-03,111343666.0700,2021-11-03
5233719,sh.688256,64.450935,86.8800,3,1,5.688632,78.8100,7.067600,83.0000,84.3800,-44.748078,0,2.178300,74.101046,81.7000,2021-11-04,444335842.9100,2021-11-04
7834570,sh.688256,65.000883,90.9000,3,1,5.737172,84.3800,0.853300,85.8900,85.1000,-45.129906,0,3.260800,74.733338,84.5900,2021-11-05,685203545.6300,2021-11-05
3303032,sh.688256,62.549029,84.6700,3,1,5.520764,85.1000,-3.772000,83.9800,81.8900,-43.427591,0,1.374700,71.914372,81.6300,2021-11-08,272172512.1300,2021-11-08
3101708,sh.688256,64.924502,86.5000,3,1,5.730430,81.8900,3.797800,81.5000,85.0000,-45.076874,0,1.290900,74.645520,81.3500,2021-11-09,262039248.5000,2021-11-09
2251433,sh.688256,64.122493,86.0000,3,1,5.659643,85.0000,-1.235300,84.5100,83.9500,-44.520042,0,0.937100,73.723428,82.9700,2021-11-10,189658978.9900,2021-11-10
2745878,sh.688256,64.328724,85.6500,3,1,5.677845,83.9500,0.321600,83.9800,84.2200,-44.663228,0,1.142800,73.960537,82.7700,2021-11-11,231121307.2800,2021-11-11
3500745,sh.688256,65.436259,88.7000,3,1,5.775600,84.2200,1.721700,85.5000,85.6700,-45.432186,0,1.457000,75.233902,84.5000,2021-11-12,301867156.5900,2021-11-12
2503711,sh.688256,65.993846,88.1300,3,1,5.824814,85.6700,0.852100,85.6800,86.4000,-45.819317,0,1.042000,75.874975,85.5600,2021-11-15,217359712.2400,2021-11-15
2334553,sh.688256,63.366314,86.7000,3,1,5.592900,86.4000,-3.981500,86.1000,82.9600,-43.995029,0,0.971600,72.854027,82.8500,2021-11-16,196503655.0600,2021-11-16
1437806,sh.688256,63.412143,84.0900,3,1,5.596945,82.9600,0.072300,82.7000,83.0200,-44.026848,0,0.598400,72.906718,82.6200,2021-11-17,119733615.9400,2021-11-17
2249203,sh.688256,63.549630,85.7700,3,1,5.609080,83.0200,0.216800,83.9800,83.2000,-44.122305,0,0.936100,73.064791,82.8000,2021-11-18,188424638.0600,2021-11-18
1785711,sh.688256,63.969730,84.7400,3,1,5.646159,83.2000,0.661100,83.3500,83.7500,-44.413979,0,0.743200,73.547791,82.5000,2021-11-19,148973305.0300,2021-11-19
2933463,sh.688256,66.200077,86.8300,3,1,5.843017,83.7500,3.486600,83.6100,86.6700,-45.962502,0,1.220900,76.112085,83.0200,2021-11-22,250700791.7300,2021-11-22
2077620,sh.688256,65.673043,87.2700,3,1,5.796499,86.6700,-0.796100,85.9900,85.9800,-45.596584,0,0.864700,75.506139,85.5000,2021-11-23,179110725.9800,2021-11-23
9747261,sh.688256,72.975140,95.8100,3,1,6.441004,85.9800,11.118900,85.7000,95.5400,-50.666407,0,4.056800,83.901564,85.4100,2021-11-24,896049910.4300,2021-11-24
11396853,sh.688256,77.099755,103.5800,3,1,6.805055,95.5400,5.652100,95.0000,100.9400,-53.530114,0,4.743400,88.643750,94.1000,2021-11-25,1142696704.1100,2021-11-25
5393858,sh.688256,74.533328,102.0000,3,1,6.578534,100.9400,-3.328700,99.4900,97.5800,-51.748252,0,2.244900,85.693057,97.5500,2021-11-26,533663459.0500,2021-11-26
4278274,sh.688256,73.020969,96.8000,3,1,6.445049,97.5800,-2.029100,96.6100,95.6000,-50.698226,0,1.780600,83.954255,93.6600,2021-11-29,407775966.0700,2021-11-29
5673424,sh.688256,73.784787,100.5000,3,1,6.512466,95.6000,1.046000,96.6500,96.6000,-51.228542,0,2.361300,84.832438,96.6000,2021-11-30,556422639.6700,2021-11-30
4377410,sh.688256,72.409915,99.1000,3,1,6.391115,96.6000,-1.863400,98.3300,94.8000,-50.273973,0,1.821900,83.251709,94.4900,2021-12-01,420481365.9100,2021-12-01
3801334,sh.688256,69.499769,95.5800,3,1,6.134257,94.8000,-4.019000,94.4600,90.9900,-48.253468,0,1.582100,79.905833,90.8000,2021-12-02,351487698.2700,2021-12-02
3766481,sh.688256,71.821775,95.9700,3,1,6.339204,90.9900,3.341000,90.9700,94.0300,-49.865629,0,1.567600,82.575508,90.6100,2021-12-03,350494523.4000,2021-12-03
2235704,sh.688256,69.660171,93.9500,3,1,6.148415,94.0300,-3.009700,93.6500,91.2000,-48.364835,0,0.930500,80.090252,91.0200,2021-12-06,206035174.6200,2021-12-06
2516691,sh.688256,70.103185,92.4000,3,1,6.187517,91.2000,0.636000,91.2000,91.7800,-48.672418,0,1.047500,80.599598,89.4000,2021-12-07,227778324.5500,2021-12-07
4110122,sh.688256,74.090314,97.1000,3,1,6.539432,91.7800,5.687500,92.2600,97.0000,-51.440668,0,1.710600,85.183711,92.2600,2021-12-08,390187953.9500,2021-12-08
3563157,sh.688256,74.097952,98.2500,3,1,6.540107,97.0000,0.010300,96.3400,97.0100,-51.445972,0,1.483000,85.192492,95.4900,2021-12-09,345953397.8700,2021-12-09
7757066,sh.688256,77.909402,102.6800,3,1,6.876517,97.0100,5.143800,97.0000,102.0000,-54.092249,0,3.228500,89.574624,96.5000,2021-12-10,780317452.9500,2021-12-10
6801923,sh.688256,80.865376,106.7000,3,1,7.137420,102.0000,3.794100,102.0000,105.8700,-56.144573,0,2.831000,92.973190,101.0100,2021-12-13,712656982.3700,2021-12-13
5595836,sh.688256,75.541567,105.9700,3,1,6.667524,105.8700,-6.583500,105.8700,98.9000,-52.448269,0,2.329000,86.852258,98.8200,2021-12-14,565598395.8900,2021-12-14
3333211,sh.688256,73.708405,100.0000,3,1,6.505724,98.9000,-2.426700,99.5000,96.5000,-51.175510,0,1.387300,84.744619,96.2800,2021-12-15,325383010.2800,2021-12-15
2559880,sh.688256,74.090314,98.4600,3,1,6.539432,96.5000,0.518100,97.8800,97.0000,-51.440668,0,1.065400,85.183711,96.1100,2021-12-16,248993883.5100,2021-12-16
2906074,sh.688256,71.615544,96.8000,3,1,6.321002,97.0000,-3.340200,96.6000,93.7600,-49.722444,0,1.209500,82.338399,93.5600,2021-12-17,274431059.6700,2021-12-17
3729491,sh.688256,68.499168,94.7000,3,1,6.045941,93.7600,-4.351500,93.0000,89.6800,-47.558754,0,1.552200,78.755414,89.3500,2021-12-20,339268779.2600,2021-12-20
1855193,sh.688256,69.507408,91.4300,3,1,6.134931,89.6800,1.471900,90.1000,91.0000,-48.258771,0,0.772100,79.914615,89.7000,2021-12-21,168302681.8800,2021-12-21
1803377,sh.688256,69.285901,91.3500,3,1,6.115381,91.0000,-0.318700,91.1000,90.7100,-48.104980,0,0.750600,79.659942,90.0100,2021-12-22,163895743.2100,2021-12-22
2058715,sh.688256,67.895752,90.6900,3,1,5.992682,90.7100,-2.006400,90.0200,88.8900,-47.139804,0,0.856800,78.061650,88.5000,2021-12-23,183435725.8400,2021-12-23
2341013,sh.688256,69.553237,91.7000,3,1,6.138976,88.8900,2.441200,89.2000,91.0600,-48.290590,0,0.974300,79.967306,88.3000,2021-12-24,210847074.1200,2021-12-24
1595151,sh.688256,69.805297,92.2200,3,1,6.161224,91.0600,0.362400,90.7700,91.3900,-48.465595,0,0.663900,80.257106,89.4500,2021-12-27,144945821.3400,2021-12-27
1545364,sh.688256,70.347607,92.6500,3,1,6.209090,91.3900,0.776900,91.4900,92.1000,-48.842119,0,0.643200,80.880616,89.9900,2021-12-28,141919147.4200,2021-12-28
1159302,sh.688256,68.720675,91.6800,3,1,6.065492,92.1000,-2.312700,91.1000,89.9700,-47.712546,0,0.482500,79.010087,89.8200,2021-12-29,104560284.8600,2021-12-29
2128201,sh.688256,70.271225,92.5000,3,1,6.202348,89.9700,2.256300,89.8800,92.0000,-48.789088,0,0.885800,80.792798,89.5800,2021-12-30,193792283.5500,2021-12-30
2856528,sh.688256,72.639060,96.6000,3,1,6.411340,92.0000,3.369600,91.5700,95.1000,-50.433068,0,1.188900,83.515164,91.5700,2021-12-31,270323768.0500,2021-12-31
6934493,sh.688256,75.297146,105.5000,3,1,6.645951,95.1000,3.659300,102.0000,98.5800,-52.278568,0,2.886100,86.571239,98.1500,2022-01-04,704829802.6300,2022-01-04
2937530,sh.688256,74.319459,99.4400,3,1,6.559657,98.5800,-1.298400,97.0000,97.3000,-51.599763,0,1.222600,85.447165,95.1300,2022-01-05,285071079.6300,2022-01-05
2175079,sh.688256,72.028006,96.9500,3,1,6.357407,97.3000,-3.083200,96.9500,94.3000,-50.008815,0,0.905300,82.812618,93.6000,2022-01-06,206732816.6400,2022-01-06
3039483,sh.688256,69.553237,97.3800,3,1,6.138976,94.3000,-3.435800,95.5700,91.0600,-48.290590,0,1.265000,79.967306,90.9000,2022-01-07,284794256.9800,2022-01-07
1549395,sh.688256,69.690724,92.1500,3,1,6.151111,91.0600,0.197700,90.9800,91.2400,-48.386047,0,0.644900,80.125379,89.0100,2022-01-10,140573237.9500,2022-01-10
1251297,sh.688256,69.812935,92.4500,3,1,6.161898,91.2400,0.175400,90.0600,91.4000,-48.470898,0,0.520800,80.265888,90.0600,2022-01-11,114452940.9800,2022-01-11
1017151,sh.688256,70.408712,92.5000,3,1,6.214483,91.4000,0.853400,91.4300,92.1800,-48.884544,0,0.423300,80.950871,90.8200,2022-01-12,93253516.1700,2022-01-12
2088099,sh.688256,71.111425,95.6600,3,1,6.276507,92.1800,0.998000,92.7800,93.1000,-49.372435,0,0.869100,81.758799,91.9900,2022-01-13,196688767.8500,2022-01-13
2264666,sh.688256,69.163690,94.4600,3,1,6.104594,93.1000,-2.739000,92.0000,90.5500,-48.020129,0,0.942600,79.519433,89.8600,2022-01-14,207970635.1800,2022-01-14
2054716,sh.688256,69.377559,91.7500,3,1,6.123471,90.5500,0.309200,90.5500,90.8300,-48.168618,0,0.855200,79.765324,89.8900,2022-01-17,186454088.4600,2022-01-17
2067410,sh.688256,70.530923,94.8800,3,1,6.225270,90.8300,1.662400,90.3700,92.3400,-48.969395,0,0.860500,81.091380,90.0800,2022-01-18,192153524.5100,2022-01-18
2048621,sh.688256,69.079670,92.5000,3,1,6.097178,92.3400,-2.057600,92.0400,90.4400,-47.961794,0,0.852600,79.422833,89.1300,2022-01-19,184573656.1700,2022-01-19
1467714,sh.688256,69.010926,91.9600,3,1,6.091111,90.4400,-0.099500,90.4600,90.3500,-47.914066,0,0.610900,79.343796,89.7900,2022-01-20,133334742.9900,2022-01-20
2037202,sh.688256,66.650730,90.0000,3,1,5.882792,90.3500,-3.420000,90.0000,87.2600,-46.275389,0,0.847900,76.630212,86.2800,2022-01-21,178721315.5500,2022-01-21
2238905,sh.688256,64.069026,86.4700,3,1,5.654924,87.2600,-3.873500,86.4100,83.8800,-44.482920,0,0.931800,73.661955,83.5200,2022-01-24,189225171.2400,2022-01-24
1888704,sh.688256,63.251741,84.6000,3,1,5.582788,83.8800,-1.275600,83.8800,82.8100,-43.915482,0,0.786100,72.722300,81.7300,2022-01-25,156316469.9700,2022-01-25
891759,sh.688256,63.786413,84.0700,3,1,5.629979,82.8100,0.845300,82.8200,83.5100,-44.286703,0,0.371200,73.337028,82.2500,2022-01-26,74238170.3900,2022-01-26
1627736,sh.688256,61.884507,84.0000,3,1,5.462111,83.5100,-2.981700,84.0000,81.0200,-42.966216,0,0.677500,71.150353,81.0200,2022-01-27,133511953.4400,2022-01-27
1486952,sh.688256,60.173556,82.3000,3,1,5.311098,81.0200,-2.764700,81.9900,78.7800,-41.778308,0,0.618900,69.183224,78.6800,2022-01-28,119672622.1000,2022-01-28
1509664,sh.688256,59.455567,80.3000,3,1,5.247726,78.7800,-1.193200,80.0000,77.8400,-41.279811,0,0.628300,68.357732,77.3000,2022-02-07,118544286.7700,2022-02-07
1406030,sh.688256,59.982601,79.5000,3,1,5.294244,77.8400,0.886400,77.1900,78.5300,-41.645729,0,0.585200,68.963678,77.1900,2022-02-08,110547665.8000,2022-02-08
1217638,sh.688256,60.379787,80.3500,3,1,5.329300,78.5300,0.662200,78.4800,79.0500,-41.921493,0,0.506800,69.420333,78.4800,2022-02-09,96439979.2700,2022-02-09
1003282,sh.688256,60.388162,79.4800,3,1,5.330040,79.0500,-0.164500,78.5300,78.9200,-41.927308,0,0.416300,69.429963,78.5300,2022-02-10,79214368.0300,2022-02-10
795297,sh.688256,59.424033,78.9100,3,1,5.244943,78.9200,-1.596600,78.0300,77.6600,-41.257916,0,0.330000,68.321476,77.3000,2022-02-11,62028779.9400,2022-02-11
1002563,sh.688256,58.735369,77.6000,3,1,5.184159,77.6600,-1.158900,76.6100,76.7600,-40.779779,0,0.416000,67.529700,75.3200,2022-02-14,76574507.3500,2022-02-14
1216603,sh.688256,59.875490,79.3400,3,1,5.284790,76.7600,1.941100,77.4500,78.2500,-41.571362,0,0.504900,68.840529,77.4000,2022-02-15,95665969.3800,2022-02-15
1245506,sh.688256,61.138040,80.8800,3,1,5.396226,78.2500,2.108600,79.9200,79.9000,-42.447946,0,0.516800,70.292119,78.2500,2022-02-16,99088215.7300,2022-02-16
1253013,sh.688256,60.755449,80.7000,3,1,5.362457,79.9000,-0.625800,80.0000,79.4000,-42.182315,0,0.520000,69.852243,78.9100,2022-02-17,99888140.9600,2022-02-17
1772921,sh.688256,62.255206,83.3000,3,1,5.494830,79.4000,2.468500,79.0500,81.3600,-43.223591,0,0.735700,71.576556,79.0500,2022-02-18,144181184.8100,2022-02-18
2847851,sh.688256,64.313546,85.8000,3,1,5.676506,81.3600,3.306300,82.9200,84.0500,-44.652689,0,1.181800,73.943086,82.1000,2022-02-21,239331437.7800,2022-02-21
1799151,sh.688256,64.114598,85.0700,3,1,5.658946,84.0500,-0.309300,83.2300,83.7900,-44.514561,0,0.746600,73.714351,81.8000,2022-02-22,150011016.8300,2022-02-22
3109509,sh.688256,62.324072,81.7600,3,1,5.500909,83.7900,-2.792700,80.4300,81.4500,-43.271405,0,1.290300,71.655733,78.8900,2022-02-23,250383329.9800,2022-02-23
2365310,sh.688256,59.684195,81.3900,3,1,5.267905,81.4500,-4.235700,80.9500,78.0000,-41.438546,0,0.981500,68.620592,77.3500,2022-02-24,187211659.1300,2022-02-24
2171822,sh.688256,61.589498,83.3800,3,1,5.436073,78.0000,3.192300,79.0000,80.4900,-42.761392,0,0.901200,70.811172,78.5000,2022-02-25,176296435.1000,2022-02-25
1145108,sh.688256,44.214718,81.3000,3,1,5.371913,80.4900,-1.180300,80.2800,79.5400,-37.630742,0,0.475200,0.000000,79.3000,2022-02-28,91399675.0000,2022-02-28
1186337,sh.688256,43.697749,80.9000,3,1,5.309103,79.5400,-1.169200,79.4100,78.6100,-37.190755,0,0.492300,69.157240,77.7800,2022-03-01,93624447.0000,2022-03-01
1091360,sh.688256,43.697749,78.7000,3,1,5.309103,78.6100,0.000000,78.6100,78.6100,-37.190755,0,0.452900,69.157240,77.3600,2022-03-02,85233015.0000,2022-03-02
1379607,sh.688256,44.353688,79.7900,3,1,5.388797,78.6100,1.501100,78.8500,79.7900,-37.749019,0,0.572500,70.195346,77.6800,2022-03-03,108777264.0000,2022-03-03
5594240,sh.688256,47.783469,87.5000,3,1,5.805502,79.7900,7.732800,78.7100,85.9600,-40.668074,0,2.321400,75.623411,78.6800,2022-03-04,476040800.0000,2022-03-04
3239137,sh.688256,47.344324,87.5000,3,1,5.752147,85.9600,-0.919000,85.9600,85.1700,-40.294321,0,1.344100,74.928408,83.8600,2022-03-07,278051952.0000,2022-03-07
3645136,sh.688256,48.066968,88.4900,3,1,5.839946,85.1700,1.526400,84.8600,86.4700,-40.909357,0,1.512600,76.072084,83.0000,2022-03-08,313487536.0000,2022-03-08
2891264,sh.688256,46.554974,87.5000,3,1,5.656244,86.4700,-3.145600,85.5000,83.7500,-39.622513,0,1.199800,73.679161,81.0000,2022-03-09,241844808.0000,2022-03-09
2026280,sh.688256,45.932388,86.0000,3,1,5.580603,83.7500,-1.337300,84.4000,82.6300,-39.092636,0,0.840800,72.693840,82.4400,2022-03-10,169913747.0000,2022-03-10
1901764,sh.688256,46.782885,84.2200,3,1,5.683935,82.6300,1.851600,81.3000,84.1600,-39.816486,0,0.789200,74.039859,79.5200,2022-03-11,156602266.0000,2022-03-11
1238591,sh.688256,44.965156,84.0000,3,1,5.463088,84.1600,-3.885500,83.1100,80.8900,-38.269434,0,0.514000,71.163073,80.8000,2022-03-14,101547975.0000,2022-03-14
7070297,sh.688256,36.699216,78.5000,3,1,4.458809,80.8900,-18.383000,78.5000,66.0200,-31.234368,0,2.933900,58.081173,64.9800,2022-03-15,498204976.0000,2022-03-15
3969646,sh.688256,36.137777,67.4900,3,1,4.390596,66.0200,-1.529800,66.1200,65.0100,-30.756532,0,1.647300,57.192624,62.1700,2022-03-16,255598585.0000,2022-03-16
3339141,sh.688256,36.671422,69.4800,3,1,4.455432,65.0100,1.476700,66.2500,65.9700,-31.210713,0,1.385600,58.037185,65.5000,2022-03-17,224403635.0000,2022-03-17
1909856,sh.688256,36.827069,67.0000,3,1,4.474343,65.9700,0.424400,65.5200,66.2500,-31.343182,0,0.792500,58.283515,64.7000,2022-03-18,125433029.4000,2022-03-18
2466473,sh.688256,36.132218,66.5800,3,1,4.389921,66.2500,-1.886800,66.4000,65.0000,-30.751801,0,1.023500,57.183826,64.6500,2022-03-21,161233679.7500,2022-03-21
1703905,sh.688256,36.043278,65.8500,3,1,4.379115,65.0000,-0.246200,65.2000,64.8400,-30.676104,0,0.707100,57.043066,64.2400,2022-03-22,110835868.6100,2022-03-22
1260352,sh.688256,36.148895,65.5700,3,1,4.391947,64.8400,0.293000,65.3300,65.0300,-30.765994,0,0.523000,57.210219,64.4300,2022-03-23,82076551.5000,2022-03-23
1433473,sh.688256,35.215016,65.1000,3,1,4.278485,65.0300,-2.583400,64.8200,63.3500,-29.971178,0,0.594800,55.732237,63.3500,2022-03-24,91499502.5200,2022-03-24
2162243,sh.688256,35.398457,67.0700,3,1,4.300772,63.3500,0.520900,63.3300,63.6800,-30.127303,0,0.897300,56.022555,63.3300,2022-03-25,140629197.6800,2022-03-25
1511927,sh.688256,35.520750,64.8200,3,1,4.315630,63.6800,0.345500,62.9000,63.9000,-30.231386,0,0.627400,56.216100,62.2800,2022-03-28,96417125.0100,2022-03-28
1405029,sh.688256,35.109399,64.3300,3,1,4.265653,63.9000,-1.158100,64.0000,63.1600,-29.881289,0,0.583000,55.565084,62.3900,2022-03-29,88606435.2400,2022-03-29
1190447,sh.688256,35.187222,63.9700,3,1,4.275108,63.1600,0.221700,63.3000,63.3000,-29.947523,0,0.494000,55.688249,62.7000,2022-03-30,75429121.1700,2022-03-30
1941444,sh.688256,35.409574,64.8300,3,1,4.302123,63.3000,0.631900,63.2000,63.7000,-30.136765,0,0.805600,56.040150,63.0200,2022-03-31,123939117.2800,2022-03-31
1673479,sh.688256,34.814782,63.4800,3,1,4.229858,63.7000,-1.679700,63.2000,62.6300,-29.630543,0,0.694400,55.098816,62.5100,2022-04-01,105147862.9600,2022-04-01
1282062,sh.688256,34.881488,63.5000,3,1,4.237962,62.6300,0.191600,62.7000,62.7500,-29.687316,0,0.532000,55.204386,62.2100,2022-04-06,80592040.4000,2022-04-06
1804611,sh.688256,33.641875,63.2600,3,1,4.087354,62.7500,-3.553800,62.7500,60.5200,-28.632292,0,0.748900,53.242541,60.5200,2022-04-07,111024991.3300,2022-04-07
1944958,sh.688256,33.219406,60.8300,3,1,4.036026,60.5200,-1.255800,60.8000,59.7600,-28.272733,0,0.807100,52.573930,58.0200,2022-04-08,115334091.8200,2022-04-08
1801962,sh.688256,32.524555,60.7900,3,1,3.951604,59.7600,-2.091700,60.7800,58.5100,-27.681352,0,0.747800,51.474241,58.0000,2022-04-11,106364806.7000,2022-04-11
1488995,sh.688256,32.830290,59.3600,3,1,3.988750,58.5100,0.940000,58.3000,59.0600,-27.941560,0,0.617900,51.958104,57.4000,2022-04-12,86948303.2100,2022-04-12
1477702,sh.688256,32.819172,61.1000,3,1,3.987399,59.0600,-0.033900,59.0000,59.0400,-27.932097,0,0.613200,51.940509,58.1200,2022-04-13,88015952.1700,2022-04-13
1502161,sh.688256,32.713555,59.8500,3,1,3.974567,59.0400,-0.321800,59.2400,58.8500,-27.842208,0,0.623300,51.773357,57.8000,2022-04-14,88097782.0400,2022-04-14
2219758,sh.688256,31.273825,58.4200,3,1,3.799646,58.8500,-4.401000,58.0800,56.2600,-26.616867,0,0.921100,49.494801,56.0100,2022-04-15,126561221.7800,2022-04-15
3007771,sh.688256,33.402829,60.6600,3,1,4.088462,56.2600,6.807700,56.0000,60.0900,-29.195672,0,1.248100,-34.649893,55.7300,2022-04-18,177821612.6900,2022-04-18
1641267,sh.688256,33.441741,60.5000,3,1,4.093224,60.0900,0.116500,59.5200,60.1600,-29.229683,0,0.681100,-34.690257,59.0000,2022-04-19,97777291.0300,2022-04-19
1628328,sh.688256,32.930331,62.2200,3,1,4.030628,60.1600,-1.529300,59.8800,59.2400,-28.782686,0,0.675700,-34.159755,59.2300,2022-04-20,98897164.5800,2022-04-20
1758855,sh.688256,31.685160,59.0000,3,1,3.878221,59.2400,-3.781200,57.2800,57.0000,-27.694347,0,0.729900,-32.868096,56.8400,2022-04-21,101421526.4900,2022-04-21
1382023,sh.688256,30.879134,57.9400,3,1,3.779565,57.0000,-2.543900,56.5900,55.5500,-26.989842,0,0.573500,-32.031978,55.5200,2022-04-22,77917362.1300,2022-04-22
2610323,sh.688256,27.794000,55.2000,3,1,3.401948,55.5500,-9.991000,55.2000,50.0000,-24.293287,0,1.083200,-28.831663,50.0000,2022-04-25,135984721.1200,2022-04-25
1990132,sh.688256,26.293124,51.1100,3,1,3.218243,50.0000,-5.400000,50.5000,47.3000,-22.981449,0,0.825800,-27.274754,47.0300,2022-04-26,97930894.9800,2022-04-26
2286220,sh.688256,27.727294,50.1000,3,1,3.393784,47.3000,5.454500,46.9800,49.8800,-24.234983,0,0.948700,-28.762467,46.5900,2022-04-27,110140625.3300,2022-04-27
1586630,sh.688256,26.040185,51.0000,3,1,3.415410,49.8800,-2.586200,50.6600,48.5900,-21.478674,0,0.658400,17.311875,48.4200,2022-04-28,78376588.6500,2022-04-28
1894208,sh.688256,27.792632,52.2000,3,1,3.645259,48.5900,6.729800,49.5000,51.8600,-22.924142,0,0.786000,18.476926,48.8300,2022-04-29,96317511.1100,2022-04-29
2262137,sh.688256,28.349985,54.0000,3,1,3.718361,51.8600,2.005400,51.3800,52.9000,-23.383862,0,0.938700,18.847462,51.3400,2022-05-05,118695324.2300,2022-05-05
1584485,sh.688256,27.878378,53.9800,3,1,3.656506,52.9000,-1.663500,51.5100,52.0200,-22.994868,0,0.657500,18.533932,51.1000,2022-05-06,83374155.5200,2022-05-06
1061744,sh.688256,28.408936,53.5100,3,1,3.726093,52.0200,1.903100,51.8000,53.0100,-23.432487,0,0.440600,18.886654,51.5800,2022-05-09,56256154.0800,2022-05-09
1488406,sh.688256,28.660816,54.3500,3,1,3.759130,53.0100,0.886600,52.1200,53.4800,-23.640245,0,0.617600,19.054107,52.0500,2022-05-10,79652801.8400,2022-05-10
2198367,sh.688256,28.360703,55.2000,3,1,3.719767,53.4800,-1.047100,54.0000,52.9200,-23.392703,0,0.912300,18.854588,52.8000,2022-05-11,119322132.5400,2022-05-11
1801608,sh.688256,28.885901,54.9600,3,1,3.788651,52.9200,1.851900,52.3500,53.9000,-23.825901,0,0.747600,19.203747,52.2700,2022-05-12,97132597.6600,2022-05-12
1313129,sh.688256,28.344626,54.5000,3,1,3.717658,53.9000,-1.873800,54.5000,52.8900,-23.379442,0,0.544900,18.843899,52.8600,2022-05-13,70020501.8200,2022-05-13
1968331,sh.688256,28.923416,56.4900,3,1,3.793572,52.8900,2.042000,53.9600,53.9700,-23.856844,0,0.816800,19.228687,53.4100,2022-05-16,107725567.7200,2022-05-16
1387297,sh.688256,29.089550,54.7600,3,1,3.815362,53.9700,0.574400,53.1100,54.2800,-23.993876,0,0.575700,19.339135,53.1000,2022-05-17,75069816.0000,2022-05-17
1387528,sh.688256,28.885901,55.4800,3,1,3.788651,54.2800,-0.700100,54.5400,53.9000,-23.825901,0,0.575800,19.203747,53.4100,2022-05-18,75429935.8000,2022-05-18
1829491,sh.688256,29.507565,55.1800,3,1,3.870188,53.9000,2.152100,53.0200,55.0600,-24.338667,0,0.759200,19.617037,52.7500,2022-05-19,99571905.0600,2022-05-19
1524446,sh.688256,29.636185,55.9900,3,1,3.887058,55.0600,0.435900,54.7300,55.3000,-24.444756,0,0.632600,19.702546,54.4400,2022-05-20,83994949.4500,2022-05-20
2237474,sh.688256,30.541883,57.0200,3,1,4.005849,55.3000,3.056100,55.5500,56.9900,-25.191802,0,0.928500,20.304667,55.2200,2022-05-23,126410563.0700,2022-05-23
2494684,sh.688256,28.425013,56.9800,3,1,3.728202,56.9900,-6.931000,56.5300,53.0400,-23.445748,0,1.035200,18.897342,52.9800,2022-05-24,136976223.5600,2022-05-24
1495972,sh.688256,28.789436,54.9800,3,1,3.775999,53.0400,1.282100,53.0500,53.7200,-23.746334,0,0.620800,19.139616,52.8600,2022-05-25,80271757.9300,2022-05-25
1928829,sh.688256,28.762641,54.3000,3,1,3.772485,53.7200,-0.093100,53.1900,53.6700,-23.724232,0,0.800400,19.121801,51.7100,2022-05-26,102160579.0400,2022-05-26
1436126,sh.688256,28.403576,54.4800,3,1,3.725390,53.6700,-1.248400,54.0300,53.0000,-23.428066,0,0.595900,18.883091,52.6800,2022-05-27,76578294.4200,2022-05-27
2335361,sh.688256,29.523642,55.4700,3,1,3.872297,53.0000,3.943400,53.4900,55.0900,-24.351928,0,0.969100,19.627726,53.0800,2022-05-30,127590494.1000,2022-05-30
2639991,sh.688256,30.332876,57.8300,3,1,3.978436,55.0900,2.741000,55.3200,56.6000,-25.019407,0,1.095500,20.165716,54.2000,2022-05-31,148341398.8200,2022-05-31
2827439,sh.688256,31.104596,58.3900,3,1,4.079654,56.6000,2.544200,56.5500,58.0400,-25.655943,0,1.173300,20.678766,55.8000,2022-06-01,162647890.1600,2022-06-01
5391199,sh.688256,33.151797,63.9900,3,1,4.348163,58.0400,6.581700,57.8900,61.8600,-27.344532,0,2.237200,22.039773,57.0800,2022-06-02,327409065.7400,2022-06-02
8212906,sh.688256,36.817466,71.9200,3,1,4.828949,61.8600,11.057200,62.9800,68.7000,-30.368078,0,3.408100,24.476761,61.8600,2022-06-06,544498594.1200,2022-06-06
4782427,sh.688256,37.128298,71.0700,3,1,4.869718,68.7000,0.844300,68.3000,69.2800,-30.624461,0,1.984600,24.683406,67.2100,2022-06-07,330294973.1000,2022-06-07
3888966,sh.688256,36.308345,69.5000,3,1,4.762173,69.2800,-2.208400,69.2800,67.7500,-29.948141,0,1.613800,24.138290,65.9500,2022-06-08,262437427.5800,2022-06-08
3666090,sh.688256,34.352250,67.8600,3,1,4.505613,67.7500,-5.387500,67.0600,64.1000,-28.334699,0,1.521300,22.837851,63.6900,2022-06-09,238944638.9100,2022-06-09
5413281,sh.688256,34.571976,64.7400,3,1,4.534432,64.1000,0.639600,64.0000,64.5100,-28.515935,0,2.246300,22.983928,63.0200,2022-06-10,345540172.6300,2022-06-10
4255440,sh.688256,34.298658,65.5800,3,1,4.498584,64.5100,-0.790600,63.9000,64.0000,-28.290495,0,1.765900,22.802223,63.0200,2022-06-13,274067462.7700,2022-06-13
2996204,sh.688256,33.928876,63.8800,3,1,4.450084,64.0000,-1.078100,63.1500,63.3100,-27.985488,0,1.243300,22.556386,60.7900,2022-06-14,186127813.0800,2022-06-14
3375908,sh.688256,33.505502,65.2400,3,1,4.394555,63.3100,-1.247800,63.6100,62.5200,-27.636277,0,1.400900,22.274921,62.5200,2022-06-15,215703609.0300,2022-06-15
2218216,sh.688256,34.352250,64.9300,3,1,4.505613,62.5200,2.527200,63.4800,64.1000,-28.334699,0,0.920500,22.837851,62.9000,2022-06-16,142093311.2100,2022-06-16
2219482,sh.688256,33.923517,64.5000,3,1,4.449381,64.1000,-1.248000,63.3500,63.3000,-27.981068,0,0.921000,22.552823,61.8000,2022-06-17,139837123.8100,2022-06-17
1935117,sh.688256,33.548375,64.2700,3,1,4.400178,63.3000,-1.105800,63.4500,62.6000,-27.671640,0,0.803000,22.303424,62.2800,2022-06-20,121774237.1700,2022-06-20
2219016,sh.688256,33.419755,63.8500,3,1,4.383308,62.6000,-0.383400,62.6600,62.3600,-27.565551,0,0.920800,22.217916,61.9600,2022-06-21,139375113.5800,2022-06-21
2175798,sh.688256,32.723064,63.0400,3,1,4.291931,62.3600,-2.084700,62.9900,61.0600,-26.990900,0,0.902900,21.754746,61.0100,2022-06-22,134523992.0600,2022-06-22
3188568,sh.688256,34.459433,64.5500,3,1,4.519671,61.0600,5.306300,61.2000,64.3000,-28.423107,0,1.323200,22.909108,61.0700,2022-06-23,201433580.0200,2022-06-23
3565776,sh.688256,35.531266,67.5100,3,1,4.660252,64.3000,3.110400,64.2900,66.3000,-29.307185,0,1.479700,23.621678,63.8400,2022-06-24,235108706.7000,2022-06-24
2920849,sh.688256,35.606295,68.5900,3,1,4.670093,66.3000,0.211200,67.0900,66.4400,-29.369070,0,1.212100,23.671557,66.4000,2022-06-27,196657430.6100,2022-06-27
2295989,sh.688256,35.906408,67.4300,3,1,4.709455,66.4400,0.842900,66.3400,67.0000,-29.616612,0,0.952800,23.871077,65.2500,2022-06-28,151890737.7700,2022-06-28
2766621,sh.688256,35.295463,68.1000,3,1,4.629324,67.0000,-1.701500,67.0000,65.8600,-29.112688,0,1.148100,23.464912,65.8200,2022-06-29,185193941.0300,2022-06-29
2859238,sh.688256,34.673800,66.9000,3,1,4.547788,65.8600,-1.761300,65.4400,64.7000,-28.599922,0,1.186500,23.051622,64.4000,2022-06-30,186584065.5400,2022-06-30
3431422,sh.688256,33.591249,64.6900,3,1,4.405801,64.7000,-3.122100,64.0000,62.6800,-27.707004,0,1.423900,22.331927,61.9400,2022-07-01,216123289.2100,2022-07-01
1989931,sh.688256,33.816333,63.3900,3,1,4.435323,62.6800,0.670100,62.0200,63.1000,-27.892660,0,0.825800,22.481566,61.3600,2022-07-04,124389922.3600,2022-07-04
1942621,sh.688256,33.478706,64.8500,3,1,4.391040,63.1000,-0.998400,63.3000,62.4700,-27.614175,0,0.806100,22.257107,62.1000,2022-07-05,122662924.3000,2022-07-05
2666759,sh.688256,33.869925,64.8700,3,1,4.442352,62.4700,1.168600,62.6600,63.2000,-27.936864,0,1.106600,22.517195,62.0300,2022-07-06,169755308.0900,2022-07-06
1927664,sh.688256,33.044614,63.7700,3,1,4.334105,63.2000,-2.436700,63.3000,61.6600,-27.256124,0,0.799900,21.968516,61.6500,2022-07-07,119776439.8300,2022-07-07
2415611,sh.688256,34.116447,65.2000,3,1,4.474686,61.6600,3.243600,61.6000,63.6600,-28.140202,0,1.002400,22.681086,61.5700,2022-07-08,153854735.1800,2022-07-08
1847636,sh.688256,32.958867,63.2300,3,1,4.322858,63.6600,-3.393000,63.0800,61.5000,-27.185398,0,0.766700,21.911511,61.2400,2022-07-11,114205441.5400,2022-07-11
1628698,sh.688256,32.262176,61.8400,3,1,4.231481,61.5000,-2.113800,61.7000,60.2000,-26.610747,0,0.675900,21.448341,60.1100,2022-07-12,99017209.3700,2022-07-12
1228580,sh.688256,32.342563,61.5900,3,1,4.242024,60.2000,0.249200,61.3400,60.3500,-26.677053,0,0.509800,21.501783,60.1000,2022-07-13,74643457.2000,2022-07-13
1205141,sh.688256,32.299690,61.3400,3,1,4.236401,60.3500,-0.132600,59.9900,60.2700,-26.641690,0,0.500100,21.473281,59.8500,2022-07-14,72846478.1200,2022-07-14
1378641,sh.688256,32.208584,61.9300,3,1,4.224452,60.2700,-0.282100,60.4900,60.1000,-26.566543,0,0.572100,21.412712,60.0300,2022-07-15,83893100.3400,2022-07-15
1207896,sh.688256,32.803451,61.5500,3,1,4.302474,60.1000,1.846900,60.5000,61.2100,-27.057206,0,0.501200,21.808188,59.6000,2022-07-18,73363092.3400,2022-07-18
2325674,sh.688256,34.293299,64.3000,3,1,4.497881,61.2100,4.541700,61.0000,63.9900,-28.286075,0,0.965100,22.798660,60.3000,2022-07-19,145923755.3800,2022-07-19
1495469,sh.688256,33.757383,64.3900,3,1,4.427591,63.9900,-1.562700,64.3000,62.9900,-27.844036,0,0.617500,22.442375,62.8800,2022-07-20,95037203.5800,2022-07-20
2115509,sh.688256,33.977108,65.4000,3,1,4.456410,62.9900,0.650900,63.0900,63.4000,-28.025272,0,0.873500,22.588452,63.0900,2022-07-21,136359384.8100,2022-07-21
1455148,sh.688256,33.376882,64.2400,3,1,4.377685,63.4000,-1.766600,63.9200,62.2800,-27.530188,0,0.600800,22.189413,61.6500,2022-07-22,91040139.2200,2022-07-22
1233914,sh.688256,33.226825,63.5500,3,1,4.358004,62.2800,-0.449600,62.2000,62.0000,-27.406417,0,0.509500,22.089653,61.7000,2022-07-25,76977844.4100,2022-07-25
1175045,sh.688256,32.744500,62.4900,3,1,4.294742,62.0000,-1.451600,62.3900,61.1000,-27.008582,0,0.485200,21.768997,60.9100,2022-07-26,72015823.9900,2022-07-26
1308097,sh.688256,33.060691,63.6000,3,1,4.336214,61.1000,0.965600,61.1900,61.6900,-27.269385,0,0.540100,21.979205,60.7300,2022-07-27,80790462.8000,2022-07-27
2019775,sh.688256,33.666277,63.8800,3,1,4.415642,61.6900,1.831700,61.5500,62.8200,-27.768889,0,0.834000,22.381807,61.5000,2022-07-28,127104409.0700,2022-07-28
1489450,sh.688256,32.690909,63.5600,3,1,4.287713,62.8200,-2.897200,63.5100,61.0000,-26.964378,0,0.615000,21.733369,61.0000,2022-07-29,92115262.9800,2022-07-29
2144443,sh.688256,32.835606,62.6000,3,1,4.306692,61.0000,0.442600,60.8800,61.2700,-27.083729,0,0.885500,21.829565,58.6800,2022-08-01,130842157.7600,2022-08-01
2547087,sh.688256,31.769132,60.9000,3,1,4.166814,61.2700,-3.247900,60.5000,59.2800,-26.204071,0,1.051700,21.120559,58.0000,2022-08-02,151513724.5900,2022-08-02
3654877,sh.688256,32.948149,63.7900,3,1,4.321453,59.2800,3.711200,59.8600,61.4800,-27.176557,0,1.509100,21.904385,59.5000,2022-08-03,226200857.5000,2022-08-03
3073499,sh.688256,34.046778,64.7400,3,1,4.465548,61.4800,3.334400,61.4800,63.5300,-28.082737,0,1.269100,22.634769,61.4800,2022-08-04,194221056.0000,2022-08-04
8190196,sh.688256,37.546313,70.8900,3,1,4.924544,63.5300,10.278600,63.2400,70.0600,-30.969251,0,3.381800,24.961308,63.2400,2022-08-05,560428238.0000,2022-08-05
6434233,sh.688256,35.997514,72.0000,3,1,4.721405,70.0600,-4.125000,71.3700,67.1700,-29.691759,0,2.656700,23.931645,66.2300,2022-08-08,436503560.0000,2022-08-08
6080096,sh.688256,37.985764,72.0000,3,1,4.982182,67.1700,5.523300,66.9400,70.8800,-31.331723,0,2.510500,25.253462,66.0000,2022-08-09,419598039.0000,2022-08-09
5434860,sh.688256,37.294432,72.8800,3,1,4.891508,70.8800,-1.820000,69.0600,69.5900,-30.761493,0,2.244100,24.793854,69.0400,2022-08-10,383296807.0000,2022-08-10
3704143,sh.688256,37.401615,70.8800,3,1,4.905566,69.5900,0.287400,69.8300,69.7900,-30.849901,0,1.529500,24.865111,69.0300,2022-08-11,259319603.0000,2022-08-11
3931531,sh.688256,36.254754,70.1800,3,1,4.755144,69.7900,-3.066300,69.7000,67.6500,-29.903937,0,1.623400,24.102662,67.5000,2022-08-12,268717174.0000,2022-08-12
3613165,sh.688256,34.466729,67.2900,3,1,4.765420,67.6500,-4.035500,66.3000,64.9200,-24.646695,0,1.491900,-26.719914,64.7500,2022-08-15,236555294.9000,2022-08-15
2682234,sh.688256,33.941127,66.1000,3,1,4.692750,64.9200,-1.525000,65.2500,63.9300,-24.270845,0,1.107500,-26.312447,63.6600,2022-08-16,173528343.3000,2022-08-16
2199822,sh.688256,33.712835,64.3700,3,1,4.661186,63.9300,-0.672600,63.9900,63.5000,-24.107596,0,0.908300,-26.135467,62.9100,2022-08-17,139642450.7100,2022-08-17
2684159,sh.688256,33.787163,63.9900,3,1,4.671463,63.5000,0.220500,63.3700,63.6400,-24.160747,0,1.108300,-26.193088,62.0600,2022-08-18,169243050.0200,2022-08-18
3184225,sh.688256,32.481122,65.0900,3,1,4.490888,63.6400,-3.865500,63.2900,61.1800,-23.226815,0,1.314800,-25.180596,61.1000,2022-08-19,199603680.8600,2022-08-19
1370481,sh.688256,32.443958,61.8700,3,1,4.485749,61.1800,-0.114400,60.6300,61.1100,-23.200240,0,0.565900,-25.151786,60.1000,2022-08-22,83754769.4600,2022-08-22
1431711,sh.688256,32.173194,61.5800,3,1,4.448313,61.1100,-0.834600,60.8500,60.6000,-23.006620,0,0.591200,-24.941879,60.1500,2022-08-23,86710278.7600,2022-08-23
2375230,sh.688256,30.861844,60.7000,3,1,4.267004,60.6000,-4.075900,60.7000,58.1300,-22.068891,0,0.980700,-23.925271,58.0400,2022-08-24,139821535.5100,2022-08-24
1638493,sh.688256,30.495516,58.9900,3,1,4.216355,58.1300,-1.187000,58.1300,57.4400,-21.806934,0,0.676500,-23.641279,56.8100,2022-08-25,94238837.9500,2022-08-25
1174138,sh.688256,30.527370,58.4500,3,1,4.220759,57.4400,0.104500,57.7300,57.5000,-21.829713,0,0.484800,-23.665974,57.1600,2022-08-26,67942055.5900,2022-08-26
1266406,sh.688256,31.164463,58.8700,3,1,4.308844,57.5000,2.087000,57.3000,58.7000,-22.285290,0,0.522900,-24.159873,57.1000,2022-08-29,73556274.0200,2022-08-29
867618,sh.688256,30.936172,59.2000,3,1,4.277280,58.7000,-0.732500,58.8000,58.2700,-22.122042,0,0.358200,-23.982892,57.7600,2022-08-30,50636089.3300,2022-08-30
1728159,sh.688256,31.371519,59.6600,3,1,4.337472,58.2700,1.407200,58.0000,59.0900,-22.433352,0,0.713600,-24.320390,57.5500,2022-08-31,101508027.6700,2022-08-31
12023516,sh.688256,35.740914,70.9100,3,1,4.941591,59.0900,13.927900,67.0000,67.3200,-25.557849,0,4.964600,-27.707711,66.5000,2022-09-01,829259803.2800,2022-09-01
16561253,sh.688256,42.886974,80.7800,3,1,5.929616,67.3200,19.994100,67.4700,80.7800,-30.667900,0,6.838200,-33.247607,67.4700,2022-09-02,1291388853.5200,2022-09-02
16845618,sh.688256,41.065950,83.8500,3,1,5.677838,80.7800,-4.246100,82.7900,77.3500,-29.365710,0,6.955700,-31.835880,75.8000,2022-09-05,1346785156.8200,2022-09-05
9413664,sh.688256,39.393581,77.1300,3,1,5.446614,77.3500,-4.072400,76.0000,74.2000,-28.169821,0,3.887000,-30.539396,73.0600,2022-09-06,702660809.0900,2022-09-06
11718356,sh.688256,42.302972,81.2300,3,1,5.848871,74.2000,7.385400,74.8500,79.6800,-30.250288,0,4.838600,-32.794866,74.8500,2022-09-07,927598577.7800,2022-09-07
7700464,sh.688256,39.743982,79.8800,3,1,5.495061,79.6800,-6.049200,79.6800,74.8600,-28.420388,0,3.179600,-30.811040,74.6000,2022-09-08,588034114.4400,2022-09-08
5569286,sh.688256,38.225577,74.7800,3,1,5.285124,74.8600,-3.820500,74.2800,72.0000,-27.334597,0,2.299600,-29.633915,71.6000,2022-09-09,403597175.2300,2022-09-09
5844110,sh.688256,36.086006,70.7000,3,1,4.989304,72.0000,-5.597200,69.2900,67.9700,-25.804619,0,2.413100,-27.975239,67.5600,2022-09-13,402313130.0600,2022-09-13
6451348,sh.688256,37.429211,70.9600,3,1,5.175017,67.9700,3.722200,67.6800,70.5000,-26.765127,0,2.663800,-29.016542,67.3000,2022-09-14,447402296.5000,2022-09-14
4434036,sh.688256,35.756842,70.4500,3,1,4.943793,70.5000,-4.468100,70.4500,67.3500,-25.569238,0,1.830800,-27.720058,66.8600,2022-09-15,302576591.0700,2022-09-15
5637216,sh.688256,36.760263,72.8800,3,1,5.082528,67.3500,2.806200,67.0000,69.2400,-26.286771,0,2.327600,-28.497948,66.9900,2022-09-16,394419844.5300,2022-09-16
5139407,sh.688256,36.516044,72.3400,3,1,5.048762,69.2400,-0.664400,69.1400,68.7800,-26.112134,0,2.122100,-28.308621,68.4000,2022-09-19,362815689.9400,2022-09-19
4394403,sh.688256,35.868333,70.6700,3,1,4.959208,68.7800,-1.773800,69.0200,67.5600,-25.648964,0,1.814500,-27.806490,67.0000,2022-09-20,301307807.3100,2022-09-20
3752600,sh.688256,35.040112,67.5000,3,1,4.844697,67.5600,-2.309100,67.0100,66.0000,-25.056714,0,1.549500,-27.164422,64.8000,2022-09-21,248772493.7700,2022-09-21
2426072,sh.688256,35.225931,67.4900,3,1,4.870389,66.0000,0.530300,65.5100,66.3500,-25.189591,0,1.001700,-27.308476,65.5100,2022-09-22,161708795.6500,2022-09-22
4022331,sh.688256,33.479234,67.1000,3,1,4.628888,66.3500,-4.958600,66.3800,63.0600,-23.940552,0,1.660800,-25.954371,62.8800,2022-09-23,258289190.0300,2022-09-23
2720786,sh.688256,33.611962,64.3300,3,1,4.647239,63.0600,0.396400,62.0100,63.3100,-24.035463,0,1.123400,-26.057266,61.8200,2022-09-26,172753213.2200,2022-09-26
3202092,sh.688256,35.310877,66.9200,3,1,4.882134,63.3100,5.054500,63.0700,66.5100,-25.250334,0,1.322200,-27.374329,63.0700,2022-09-27,210907500.8400,2022-09-27
3614455,sh.688256,34.275601,68.2000,3,1,4.738995,66.5100,-2.931900,65.6800,64.5600,-24.510022,0,1.492400,-26.571744,64.2300,2022-09-28,238275301.4100,2022-09-28
2769388,sh.688256,33.962363,66.2500,3,1,4.695686,64.5600,-0.913900,65.1800,63.9700,-24.286031,0,1.143500,-26.328911,63.7300,2022-09-29,178900472.0800,2022-09-29
2122341,sh.688256,33.277488,64.5000,3,1,4.600994,63.9700,-2.016600,64.0400,62.6800,-23.796286,0,0.876300,-25.797970,62.6600,2022-09-30,135133608.3000,2022-09-30
4337879,sh.688256,30.527370,60.1000,3,1,4.220759,62.6800,-8.264200,58.4700,57.5000,-21.829713,0,1.791100,-23.665974,56.5200,2022-10-10,250357480.9100,2022-10-10
2419530,sh.688256,29.869041,58.1800,3,1,4.129737,57.5000,-2.156500,57.9800,56.2600,-21.358951,0,0.999000,-23.155612,55.8800,2022-10-11,137580131.7500,2022-10-11
3302239,sh.688256,31.530792,59.7500,3,1,4.359493,56.2600,5.563500,56.6800,59.3900,-22.547246,0,1.363500,-24.443864,55.5000,2022-10-12,189891662.2300,2022-10-12
2013823,sh.688256,31.488319,60.6300,3,1,4.353621,59.3900,-0.134700,58.5000,59.3100,-22.516875,0,0.831500,-24.410938,58.5000,2022-10-13,120166009.7500,2022-10-13
2065716,sh.688256,32.263449,61.4500,3,1,4.460792,59.3100,2.461600,60.0000,60.7700,-23.071160,0,0.852900,-25.011848,59.6800,2022-10-14,125301663.9300,2022-10-14
2075569,sh.688256,32.810287,62.5900,3,1,4.536398,60.7700,1.694900,60.2800,61.8000,-23.462196,0,0.857000,-25.435777,59.5000,2022-10-17,127901682.2100,2022-10-17
2010387,sh.688256,32.125412,62.4300,3,1,4.441706,61.8000,-2.087400,62.3000,60.5100,-22.972451,0,0.830100,-24.904836,60.3300,2022-10-18,122541280.0700,2022-10-18
1845647,sh.688256,31.382137,61.0100,3,1,4.338940,60.5100,-2.313700,60.6800,59.1100,-22.440945,0,0.762100,-24.328621,59.1100,2022-10-19,110246891.1200,2022-10-19
4927135,sh.688256,33.941127,64.4900,3,1,4.692750,59.1100,8.154300,58.5500,63.9300,-24.270845,0,2.034400,-26.312447,58.5100,2022-10-20,307751715.8800,2022-10-20
3486611,sh.688256,34.684402,66.0000,3,1,4.795516,63.9300,2.189900,63.5000,65.3300,-24.802351,0,1.439600,-26.888662,62.1200,2022-10-21,223711596.5300,2022-10-21
2902052,sh.688256,34.339310,68.1800,3,1,4.747803,65.3300,-0.994900,66.2000,64.6800,-24.555580,0,1.198300,-26.621134,64.0000,2022-10-24,191219440.1000,2022-10-24
2432014,sh.688256,34.164109,65.6000,3,1,4.723580,64.6800,-0.510200,64.3000,64.3500,-24.430296,0,1.004200,-26.485312,62.9500,2022-10-25,156110450.3600,2022-10-25
2901655,sh.688256,34.933930,66.4500,3,1,4.830016,64.3500,2.253300,65.0000,65.8000,-24.980785,0,1.198100,-27.082106,63.0000,2022-10-26,189222307.8900,2022-10-26
4132613,sh.688256,35.417081,68.6800,3,1,5.215703,65.8000,2.462000,65.4400,67.4200,-23.698720,0,1.706400,-12.514557,65.4400,2022-10-27,277278428.7400,2022-10-27
3506949,sh.688256,34.051249,68.4800,3,1,5.014564,67.4200,-3.856400,66.6000,64.8200,-22.784798,0,1.448000,-12.031943,64.2300,2022-10-28,232850480.5700,2022-10-28
3064417,sh.688256,34.545050,67.5000,3,1,5.087283,64.8200,1.450200,64.4000,65.7600,-23.115216,0,1.265300,-12.206427,64.0500,2022-10-31,203355178.9800,2022-10-31
4669056,sh.688256,34.324415,65.7700,3,1,5.054791,65.7600,-0.638700,65.7700,65.3400,-22.967582,0,1.927900,-12.128466,62.6400,2022-11-01,300327547.7400,2022-11-01
2794043,sh.688256,34.608088,67.3200,3,1,5.096567,65.3400,0.826400,65.3400,65.8800,-23.157397,0,1.153700,-12.228701,65.0500,2022-11-02,184386899.9600,2022-11-02
2823221,sh.688256,35.275245,67.7300,3,1,5.194816,65.8800,1.927700,64.0800,67.1500,-23.603813,0,1.165700,-12.464440,64.0600,2022-11-03,188471950.6800,2022-11-03
2603213,sh.688256,35.558918,68.4000,3,1,5.236591,67.1500,0.804200,66.7700,67.6900,-23.793628,0,1.074900,-12.564675,66.1800,2022-11-04,175353642.9900,2022-11-04
2475483,sh.688256,34.781444,68.7400,3,1,5.122096,67.6900,-2.186400,67.6400,66.2100,-23.273395,0,1.022100,-12.289956,66.1800,2022-11-07,165958634.0600,2022-11-07
1761462,sh.688256,34.397960,66.3900,3,1,5.065622,66.2100,-1.102600,66.1800,65.4800,-23.016793,0,0.727300,-12.154453,64.7100,2022-11-08,114969185.4400,2022-11-08
1453631,sh.688256,34.329669,66.3600,3,1,5.055565,65.4800,-0.198500,65.9100,65.3500,-22.971097,0,0.600200,-12.130322,64.4800,2022-11-09,95162930.9600,2022-11-09
2671857,sh.688256,33.667765,67.3000,3,1,4.958090,65.3500,-1.928100,64.8000,64.0900,-22.528196,0,1.103200,-11.896440,64.0400,2022-11-10,175096950.3000,2022-11-10
3027631,sh.688256,33.977704,67.1000,3,1,5.003733,64.0900,0.920600,66.0000,64.6800,-22.735586,0,1.250100,-12.005956,64.5500,2022-11-11,199451104.1500,2022-11-11
2326153,sh.688256,34.923280,67.3000,3,1,5.142983,64.6800,2.782900,64.6500,66.4800,-23.368302,0,0.960500,-12.340074,63.8100,2022-11-14,153552694.7700,2022-11-14
3668932,sh.688256,36.320632,70.0000,3,1,5.348765,66.4800,4.001200,66.5000,69.1400,-24.303315,0,1.514900,-12.833825,66.4500,2022-11-15,253105880.7700,2022-11-15
2390733,sh.688256,35.984427,69.9000,3,1,5.299253,69.1400,-0.925700,68.8800,68.5000,-24.078350,0,0.987100,-12.715028,68.2000,2022-11-16,164930590.3400,2022-11-16
2615886,sh.688256,36.483481,69.6400,3,1,5.372747,68.5000,1.386900,68.0000,69.4500,-24.412283,0,1.080100,-12.891368,67.1300,2022-11-17,179185983.1000,2022-11-17
2347204,sh.688256,35.600943,70.5000,3,1,5.242780,69.4500,-2.419000,69.9900,67.7700,-23.821748,0,0.969200,-12.579525,67.7700,2022-11-18,161607892.8900,2022-11-18
3107230,sh.688256,35.564171,70.3800,3,1,5.237364,67.7700,-0.103300,69.0100,67.7000,-23.797143,0,1.283000,-12.566531,66.6600,2022-11-21,213231482.4300,2022-11-21
2373274,sh.688256,34.608088,68.6000,3,1,5.096567,67.7000,-2.688300,67.4200,65.8800,-23.157397,0,0.979900,-12.228701,65.7900,2022-11-22,158875832.1400,2022-11-22
2207471,sh.688256,33.904159,66.2400,3,1,4.992902,65.8800,-2.034000,65.9000,64.5400,-22.686375,0,0.911500,-11.979969,64.2000,2022-11-23,143160883.0400,2022-11-23
1597120,sh.688256,33.436624,65.7700,3,1,4.924051,64.5400,-1.379000,64.9500,63.6500,-22.373532,0,0.659500,-11.814767,63.5500,2022-11-24,102698555.8600,2022-11-24
1322825,sh.688256,33.331560,64.5300,3,1,4.908578,63.6500,-0.314200,63.4800,63.4500,-22.303231,0,0.546200,-11.777643,63.1200,2022-11-25,84313111.3900,2022-11-25
1547998,sh.688256,32.701176,63.4500,3,1,4.815745,63.4500,-1.891300,62.0600,62.2500,-21.881420,0,0.639200,-11.554898,61.6800,2022-11-28,96477286.9800,2022-11-28
1746706,sh.688256,33.720297,64.6600,3,1,4.965826,62.2500,3.116500,62.5700,64.1900,-22.563347,0,0.721200,-11.915002,62.5700,2022-11-29,111497117.5700,2022-11-29
2895119,sh.688256,33.315801,64.7400,3,1,4.906258,64.1900,-1.199600,64.1700,63.4200,-22.292685,0,1.195400,-11.772074,63.2100,2022-11-30,185105632.4400,2022-11-30
1984623,sh.688256,34.103781,65.7500,3,1,5.022300,63.4200,2.365200,64.6000,64.9200,-22.819948,0,0.819500,-12.050505,64.0100,2022-12-01,129028846.5500,2022-12-01
1722561,sh.688256,34.671127,66.1700,3,1,5.105850,64.9200,1.663600,65.4300,66.0000,-23.199578,0,0.711300,-12.250976,64.6100,2022-12-02,113257219.6300,2022-12-02
1782066,sh.688256,34.928534,67.4900,3,1,5.143757,66.0000,0.742400,66.6000,66.4900,-23.371817,0,0.735800,-12.341930,65.6200,2022-12-05,118047342.2900,2022-12-05
2322638,sh.688256,35.506386,68.2100,3,1,5.228855,66.4900,1.654400,66.5000,67.5900,-23.758477,0,0.959000,-12.546113,66.0000,2022-12-06,157059208.8300,2022-12-06
1369081,sh.688256,35.227966,67.7800,3,1,5.187853,67.5900,-0.784100,67.3400,67.0600,-23.572177,0,0.565300,-12.447734,66.8800,2022-12-07,91998760.0400,2022-12-07
1857025,sh.688256,34.261377,67.0600,3,1,5.045508,67.0600,-2.743800,66.9000,65.2200,-22.925401,0,0.766800,-12.106192,65.0300,2022-12-08,121898031.4900,2022-12-08
2370533,sh.688256,34.518784,66.6600,3,1,5.083415,65.2200,0.751300,65.0700,65.7100,-23.097640,0,0.978800,-12.197146,64.8800,2022-12-09,156102560.6300,2022-12-09
2384383,sh.688256,35.254232,67.9000,3,1,5.191721,65.7100,2.130600,65.8800,67.1100,-23.589753,0,0.984500,-12.457015,65.5000,2022-12-12,159734885.1400,2022-12-12
1425180,sh.688256,35.128155,67.4000,3,1,5.173154,67.1100,-0.357600,67.1600,66.8700,-23.505391,0,0.588500,-12.412466,66.3600,2022-12-13,95272660.9100,2022-12-13
2487509,sh.688256,35.096636,70.0500,3,1,5.168513,66.8700,-0.089700,69.9900,66.8100,-23.484300,0,1.027100,-12.401329,66.8100,2022-12-14,169611002.3600,2022-12-14
1862162,sh.688256,35.448600,68.4000,3,1,5.220345,66.8100,1.002800,67.0000,67.4800,-23.719811,0,0.768900,-12.525695,65.7100,2022-12-15,126142342.8400,2022-12-15
4784661,sh.688256,33.609980,65.4000,3,1,4.949580,67.4800,-5.186700,64.9500,63.9800,-22.489530,0,1.975600,-11.876022,61.4900,2022-12-16,305005871.0200,2022-12-16
3731411,sh.688256,31.676802,63.4600,3,1,4.664890,63.9800,-5.751800,63.0600,60.3000,-21.195978,0,1.540700,-11.192937,60.1000,2022-12-19,229085918.1400,2022-12-19
1887743,sh.688256,31.466674,61.3500,3,1,4.633946,60.3000,-0.663300,60.3500,59.9000,-21.055375,0,0.779500,-11.118689,59.4300,2022-12-20,113827686.8800,2022-12-20
1772879,sh.688256,30.746986,60.3400,3,1,4.527961,59.9000,-2.287100,59.8900,58.5300,-20.573808,0,0.732000,-10.864388,58.2300,2022-12-21,104847569.2100,2022-12-21
1738063,sh.688256,30.043057,59.4000,3,1,4.424296,58.5300,-2.289400,58.9400,57.1900,-20.102786,0,0.717700,-10.615656,56.8800,2022-12-22,100559714.6100,2022-12-22
1790642,sh.688256,29.664826,57.5000,3,1,4.368596,57.1900,-1.259000,56.7900,56.4700,-19.849699,0,0.739400,-10.482009,55.9000,2022-12-23,101300310.6200,2022-12-23
1808619,sh.688256,30.016791,57.7500,3,1,4.420428,56.4700,1.186500,56.4800,57.1400,-20.085210,0,0.746800,-10.606375,56.4800,2022-12-26,103667456.2600,2022-12-26
1672861,sh.688256,30.032550,57.4900,3,1,4.422749,57.1400,0.052500,57.0000,57.1700,-20.095756,0,0.690700,-10.611944,56.3100,2022-12-27,95088534.7000,2022-12-27
1321209,sh.688256,29.354887,57.1700,3,1,4.322953,57.1700,-2.256400,57.0000,55.8800,-19.642309,0,0.545500,-10.372493,55.6800,2022-12-28,74184647.1000,2022-12-28
1319469,sh.688256,29.207798,56.4700,3,1,4.301292,55.8800,-0.501100,55.9000,55.6000,-19.543887,0,0.544800,-10.320519,55.6000,2022-12-29,73836859.1600,2022-12-29
2087202,sh.688256,28.661465,56.3700,3,1,4.220836,55.6000,-1.870500,56.3700,54.5600,-19.178318,0,0.861800,-10.127473,54.5000,2022-12-30,115094933.2300,2022-12-30
2049104,sh.688256,29.827675,57.3400,3,1,4.392578,54.5600,4.068900,54.5100,56.7800,-19.958667,0,0.846100,-10.539552,54.1500,2023-01-03,114950544.1900,2023-01-03
1556703,sh.688256,29.911727,58.0800,3,1,4.404956,56.7800,0.281800,57.2300,56.9400,-20.014909,0,0.642800,-10.569251,56.3300,2023-01-04,88769209.0700,2023-01-04
1615095,sh.688256,29.838182,57.2200,3,1,4.394125,56.9400,-0.245900,56.8800,56.8000,-19.965697,0,0.666900,-10.543264,55.8000,2023-01-05,91448611.0800,2023-01-05
1708176,sh.688256,29.759384,57.5400,3,1,4.382521,56.8000,-0.264100,56.9800,56.6500,-19.912971,0,0.705300,-10.515421,56.0200,2023-01-06,97090922.2200,2023-01-06
1416688,sh.688256,29.885461,57.6000,3,1,4.401088,56.6500,0.423700,56.8300,56.8900,-19.997333,0,0.585000,-10.559970,56.6000,2023-01-09,80789057.9700,2023-01-09
1914714,sh.688256,30.016791,58.1600,3,1,4.420428,56.8900,0.439400,56.8900,57.1400,-20.085210,0,0.790600,-10.606375,56.8900,2023-01-10,109909933.6800,2023-01-10
1672659,sh.688256,29.612294,58.0000,3,1,4.360860,57.1400,-1.347600,57.1700,56.3700,-19.814549,0,0.690700,-10.463447,56.2500,2023-01-11,95478629.8200,2023-01-11
1823372,sh.688256,29.276089,56.6800,3,1,4.311349,56.3700,-1.135400,56.1900,55.7300,-19.589583,0,0.752900,-10.344650,55.3000,2023-01-12,101906330.1500,2023-01-12
1198055,sh.688256,29.465204,56.2600,3,1,4.339199,55.7300,0.646000,56.2600,56.0900,-19.716126,0,0.494700,-10.411473,55.5100,2023-01-13,67067291.2900,2023-01-13
2754769,sh.688256,30.358249,58.5000,3,1,4.470713,56.0900,3.030800,55.9900,57.7900,-20.313691,0,1.137500,-10.727029,55.8300,2023-01-16,158869670.9800,2023-01-16
2068939,sh.688256,30.494832,59.4200,3,1,4.490827,57.7900,0.449900,57.9900,58.0500,-20.405083,0,0.854300,-10.775290,57.5200,2023-01-17,121012993.3100,2023-01-17
1638655,sh.688256,30.731226,59.1700,3,1,4.525640,58.0500,0.775200,58.5500,58.5000,-20.563262,0,0.676600,-10.858820,58.0400,2023-01-18,96114529.3000,2023-01-18
2893483,sh.688256,32.044526,61.0000,3,1,4.719043,58.5000,4.273500,58.1000,61.0000,-21.442034,0,1.194700,-11.322872,58.0700,2023-01-19,173912816.9800,2023-01-19
1846164,sh.688256,32.060286,61.6300,3,1,4.721364,61.0000,0.049200,61.0200,61.0300,-21.452579,0,0.762300,-11.328440,60.5100,2023-01-20,112711723.5600,2023-01-20
5090146,sh.688256,33.783336,65.9800,3,1,4.975109,61.0300,5.374400,65.5000,64.3100,-22.605528,0,2.101800,-11.937277,63.5600,2023-01-30,329053145.8800,2023-01-30
2841052,sh.688256,32.622378,64.7800,3,1,4.804141,64.3100,-3.436500,64.0000,62.1000,-21.828694,0,1.173100,-11.527055,61.8800,2023-01-31,178354196.9200,2023-01-31
4408074,sh.688256,34.009223,65.9800,3,1,5.008375,62.1000,4.251200,62.0000,64.7400,-22.756677,0,1.820100,-12.017094,62.0000,2023-02-01,283995043.1300,2023-02-01
9285172,sh.688256,36.719875,74.6900,3,1,5.407559,64.7400,7.970300,66.0000,69.9000,-24.570462,0,3.833900,-12.974897,65.7100,2023-02-02,661459273.5700,2023-02-02
8169512,sh.688256,37.355512,72.7800,3,1,5.501167,69.9000,1.731000,69.8800,71.1100,-24.995788,0,3.373200,-13.199498,69.8400,2023-02-03,582621674.7200,2023-02-03
10526794,sh.688256,38.264316,74.9600,3,1,5.635002,71.1100,2.432900,73.1000,72.8400,-25.603898,0,4.346600,-13.520622,71.0500,2023-02-06,771667408.5800,2023-02-06
15126771,sh.688256,39.766732,80.8800,3,1,5.856255,72.8400,3.926400,71.3100,75.7000,-26.609213,0,6.245900,-14.051498,71.3100,2023-02-07,1150227076.2900,2023-02-07
13914428,sh.688256,39.293944,82.3000,3,1,5.786630,75.7000,-1.188900,78.0000,74.8000,-26.292855,0,5.745400,-13.884439,74.8000,2023-02-08,1091894130.9600,2023-02-08
14811369,sh.688256,41.537060,80.0000,3,1,6.116963,74.8000,5.708600,73.2100,79.0700,-27.793797,0,6.115700,-14.677040,72.5500,2023-02-09,1135510702.6600,2023-02-09
13806028,sh.688256,41.558073,83.6300,3,1,6.120057,79.0700,0.050600,78.4000,79.1100,-27.807858,0,5.700600,-14.684465,77.7000,2023-02-10,1115194023.3800,2023-02-10
15939997,sh.688256,45.965509,91.5000,3,1,6.769119,79.1100,10.605500,79.0000,87.5000,-30.757016,0,6.581700,-16.241824,78.0000,2023-02-13,1364494394.2900,2023-02-13
11115825,sh.688256,44.904362,89.5800,3,1,6.612849,87.5000,-2.308600,87.5000,85.4800,-30.046968,0,4.589800,-15.866870,83.6900,2023-02-14,953211419.8400,2023-02-14
15361550,sh.688256,46.806021,90.8700,3,1,6.892897,85.4800,4.234900,85.8000,89.1000,-31.319430,0,6.342900,-16.538817,83.0000,2023-02-15,1335392722.6600,2023-02-15
14412638,sh.688256,42.288268,88.2900,3,1,6.227590,89.1000,-9.652100,86.8000,80.5000,-28.296455,0,5.951100,-14.942478,80.0800,2023-02-16,1212872781.4700,2023-02-16
9171375,sh.688256,42.025608,82.4200,3,1,6.188909,80.5000,-0.621100,80.8100,80.0000,-28.120701,0,3.786900,-14.849668,78.2300,2023-02-17,736979941.4500,2023-02-17
7455271,sh.688256,43.312642,83.4000,3,1,6.378444,80.0000,3.062500,80.8000,82.4500,-28.981897,0,3.078300,-15.304439,78.5900,2023-02-20,604991126.8200,2023-02-20
8915286,sh.688256,44.809805,87.9500,3,1,6.598924,82.4500,3.456600,82.6000,85.3000,-29.983697,0,3.681200,-15.833458,82.0000,2023-02-21,765921021.8000,2023-02-21
5762387,sh.688256,44.337017,86.3300,3,1,6.529299,85.3000,-1.055100,83.0800,84.4000,-29.667339,0,2.379300,-15.666399,82.7700,2023-02-22,485270556.6400,2023-02-22
6672789,sh.688256,43.717139,86.2500,3,1,6.438013,84.4000,-1.398100,84.9000,83.2200,-29.252559,0,2.755200,-15.447367,82.0500,2023-02-23,559685879.9000,2023-02-23
10624702,sh.688256,46.191397,89.2800,3,1,6.802385,83.2200,5.659700,86.5000,87.9300,-30.908165,0,4.387000,-16.321641,85.3000,2023-02-24,930572951.7400,2023-02-24
7500391,sh.688256,44.741513,88.9900,3,1,6.588867,87.9300,-3.138900,86.7100,85.1700,-29.938001,0,3.097000,-15.809327,84.3000,2023-02-27,645085671.4700,2023-02-27
7300523,sh.688256,46.165717,87.4400,3,1,6.496034,85.1700,-1.408900,85.2500,83.9700,-28.852865,0,3.014400,-15.586582,81.9100,2023-02-28,613239565.2900,2023-02-28
12939481,sh.688256,49.810813,92.5500,3,1,7.008940,83.9700,7.895700,83.5900,90.6000,-31.130994,0,5.342800,-16.817249,83.1000,2023-03-01,1146262544.3400,2023-03-01
8924913,sh.688256,50.305622,92.6800,3,1,7.078565,90.6000,0.993400,89.5000,91.5000,-31.440242,0,3.685200,-16.984307,89.0200,2023-03-02,813795623.6100,2023-03-02
10063730,sh.688256,51.520654,99.5000,3,1,7.249533,91.5000,2.415300,95.9900,93.7100,-32.199618,0,4.155400,-17.394530,92.2600,2023-03-03,957779032.5100,2023-03-03
6569446,sh.688256,50.157180,94.4500,3,1,7.057677,93.7100,-2.646500,92.1200,91.2300,-31.347467,0,2.712600,-16.934190,90.2000,2023-03-06,605177841.7600,2023-03-06
6979707,sh.688256,48.315389,91.8800,3,1,6.798517,91.2300,-3.672000,91.0000,87.8800,-30.196377,0,2.882000,-16.312360,86.9400,2023-03-07,622561685.0400,2023-03-07
6269025,sh.688256,49.486438,91.6800,3,1,6.963296,87.8800,2.423800,89.8700,90.0100,-30.928264,0,2.588500,-16.707732,87.8800,2023-03-08,563063491.4700,2023-03-08
4682598,sh.688256,49.810813,93.5800,3,1,7.008940,90.0100,0.655500,90.1000,90.6000,-31.130994,0,1.933500,-16.817249,89.6000,2023-03-09,427590539.2500,2023-03-09
8259867,sh.688256,50.569521,95.8000,3,1,7.115698,90.6000,1.523200,90.4600,91.9800,-31.605174,0,3.410600,-17.073405,89.6000,2023-03-10,767040087.6300,2023-03-10
7142219,sh.688256,52.658716,96.6900,3,1,7.409671,91.9800,4.131300,90.3800,95.7800,-32.910889,0,2.949100,-17.778765,90.1500,2023-03-13,676551635.0600,2023-03-13
12776811,sh.688256,56.567710,105.0000,3,1,7.959711,95.7800,7.423300,95.8500,102.8900,-35.353951,0,5.275600,-19.098529,95.3000,2023-03-14,1285581644.7900,2023-03-14
9368586,sh.688256,57.166979,106.1900,3,1,8.044035,102.8900,1.059400,102.0000,103.9800,-35.728485,0,3.868300,-19.300856,101.9500,2023-03-15,972971136.4900,2023-03-15
10759426,sh.688256,56.320306,106.0800,3,1,7.924898,103.9800,-1.481100,104.9800,102.4400,-35.199326,0,4.442600,-19.014999,99.5900,2023-03-16,1113186581.0700,2023-03-16
22253439,sh.688256,67.585466,122.9300,3,1,9.510032,102.4400,20.002000,102.6500,122.9300,-42.239879,0,9.188600,-22.818371,102.0000,2023-03-17,2596614413.4500,2023-03-17
19994422,sh.688256,74.221410,137.6900,3,1,10.443784,122.9300,9.818600,124.0000,135.0000,-46.387242,0,8.255800,-25.058814,122.1500,2023-03-20,2617703525.8100,2023-03-20
12341805,sh.688256,75.211029,137.5000,3,1,10.583034,135.0000,1.333300,133.2500,136.8000,-47.005739,0,5.096000,-25.392932,130.4800,2023-03-21,1659830726.4500,2023-03-21
20374958,sh.688256,88.048584,164.1600,3,1,12.389422,136.8000,17.068700,134.9600,160.1500,-55.029013,0,8.413000,-29.727179,133.0000,2023-03-22,3053655865.4300,2023-03-22
20270948,sh.688256,91.814633,178.8800,3,1,12.919348,160.1500,4.277200,162.6200,167.0000,-57.382736,0,8.370000,-30.998681,159.8500,2023-03-23,3379541393.0400,2023-03-23
19889311,sh.688256,100.611245,185.1800,3,1,14.157129,167.0000,9.580800,167.0100,183.0000,-62.880484,0,8.212400,-33.968615,163.0100,2023-03-24,3414847804.0000,2023-03-24
19097184,sh.688256,102.475027,188.8800,3,1,14.419384,183.0000,1.852500,178.0000,186.3900,-64.045319,0,7.885300,-34.597870,172.0000,2023-03-27,3444353294.5200,2023-03-27
15609484,sh.688256,94.563574,180.5000,3,1,13.306154,186.3900,-7.720400,179.9400,172.0000,-59.100782,0,6.445300,-31.926786,170.3000,2023-03-28,2740150278.8100,2023-03-28
21674823,sh.688256,94.563574,184.6500,3,1,13.306154,172.0000,0.000000,174.4600,172.0000,-59.100782,0,8.949700,-31.926786,168.8000,2023-03-29,3804719605.2100,2023-03-29
20671037,sh.688256,96.817706,181.6000,3,1,13.623336,172.0000,2.383700,172.6400,176.1000,-60.509580,0,8.535200,-32.687831,170.0000,2023-03-30,3616571945.8000,2023-03-30
20298252,sh.688256,102.233120,191.7600,3,1,14.385345,176.1000,5.593400,170.8100,185.9500,-63.894131,0,8.381300,-34.516196,165.2300,2023-03-31,3597394299.2700,2023-03-31
21196597,sh.688256,116.005315,217.0000,3,1,16.323248,185.9500,13.471400,188.8800,211.0000,-72.501541,0,8.752200,-39.165999,184.0000,2023-04-03,4155954226.5500,2023-04-03
16494106,sh.688256,118.484860,226.5300,3,1,16.672147,211.0000,2.137400,206.0000,215.5100,-74.051219,0,6.810500,-40.003149,202.3000,2023-04-04,3522533466.4200,2023-04-04
15662831,sh.688256,114.355950,230.9800,3,1,16.091164,215.5100,-3.484800,212.0000,208.0000,-71.470714,0,6.467300,-38.609136,203.0300,2023-04-06,3419824146.0600,2023-04-06
12796932,sh.688256,123.977244,225.6200,3,1,17.444987,208.0000,8.413500,209.4500,225.5000,-77.483875,0,5.283900,-41.857501,207.0000,2023-04-07,2781244483.9600,2023-04-07
18501308,sh.688256,114.130537,225.5100,3,1,16.059445,225.5000,-7.942400,225.5000,207.5900,-71.329834,0,7.639300,-38.533031,200.0100,2023-04-10,3901645862.1300,2023-04-10
18413454,sh.688256,110.782327,213.6000,3,1,15.588315,207.5900,-2.933700,205.6700,201.5000,-69.237254,0,7.603000,-37.402601,187.5100,2023-04-11,3699557295.5300,2023-04-11
15207871,sh.688256,113.256374,213.6800,3,1,15.936441,201.5000,2.233300,193.0000,206.0000,-70.783495,0,6.279400,-38.237894,192.0000,2023-04-12,3095007434.1600,2023-04-12
17134022,sh.688256,103.360186,207.5500,3,1,14.543936,206.0000,-8.737900,201.0200,188.0000,-64.598530,0,7.074700,-34.896719,185.9000,2023-04-13,3324682743.9400,2023-04-13
13834771,sh.688256,107.208704,197.7100,3,1,15.085466,188.0000,3.723400,190.0100,195.0000,-67.003794,0,5.712500,-36.196065,183.8900,2023-04-14,2669359612.9600,2023-04-14
12486326,sh.688256,111.925208,199.1900,3,1,15.749131,195.0000,0.923100,191.3900,196.8000,-69.951537,0,5.155700,-37.788463,187.0000,2023-04-17,2421080032.9300,2023-04-17
12696053,sh.688256,111.345108,201.3300,3,1,15.667504,196.8000,-0.518300,194.0000,195.7800,-69.588984,0,5.242300,-37.592608,185.5500,2023-04-18,2463428565.8600,2023-04-18
21573299,sh.688256,126.143350,223.2800,3,1,17.749783,195.7800,13.290400,204.5000,221.8000,-78.837657,0,8.907800,-42.588827,204.5000,2023-04-19,4651853447.0000,2023-04-19
19964291,sh.688256,151.372020,266.1600,3,1,21.299739,221.8000,20.000000,230.0600,266.1600,-94.605189,0,8.243400,-51.106592,230.0600,2023-04-20,4944562292.0200,2023-04-20
18946064,sh.688256,141.043962,271.4700,3,1,19.846466,266.1600,-6.823000,271.4000,248.0000,-88.150311,0,7.823000,-47.619608,243.0000,2023-04-21,4796532928.8300,2023-04-21
16347103,sh.688256,138.200334,248.0000,3,1,19.446335,248.0000,-2.016100,246.0000,243.0000,-86.373087,0,6.749800,-46.659535,228.8800,2023-04-24,3903562383.1700,2023-04-24
17411621,sh.688256,141.043962,264.8800,3,1,19.846466,243.0000,2.057600,242.0000,248.0000,-88.150311,0,7.189400,-47.619608,237.1600,2023-04-25,4366926633.1400,2023-04-25
14446499,sh.688256,135.356705,255.8000,3,1,19.046205,248.0000,-4.032300,250.0000,238.0000,-84.595863,0,5.965100,-45.699462,225.8000,2023-04-26,3455224907.8200,2023-04-26
13813564,sh.688256,131.233444,246.0000,3,1,18.466016,238.0000,-3.046200,235.0100,230.7500,-82.018888,0,5.703700,-44.307357,217.7800,2023-04-27,3175623218.0700,2023-04-27
14608544,sh.688256,141.897050,252.5000,3,1,19.966505,230.7500,8.125700,228.1000,249.5000,-88.683478,0,6.032000,-47.907630,225.8000,2023-04-28,3537412653.6100,2023-04-28
11748565,sh.688256,130.203089,245.4800,3,1,21.128426,249.5000,-6.693400,244.5000,232.8000,-78.845617,0,4.851100,-176.983073,224.0400,2023-05-04,2751240504.9200,2023-05-04
19630070,sh.688256,116.321471,240.5000,3,1,18.875816,232.8000,-10.661500,228.8800,207.9800,-70.439482,0,8.105400,-158.114001,200.7300,2023-05-05,4256183429.3300,2023-05-05
10836641,sh.688256,116.550781,215.0100,3,1,18.913027,207.9800,0.197100,203.0000,208.3900,-70.578342,0,4.474500,-158.425698,199.0000,2023-05-08,2259884012.0000,2023-05-08
11252281,sh.688256,118.234248,218.3000,3,1,19.186208,208.3900,1.444400,208.1600,211.4000,-71.597781,0,4.646100,-160.714010,204.1100,2023-05-09,2408664699.6600,2023-05-09
13808054,sh.688256,111.343776,212.9300,3,1,18.068071,211.4000,-5.827800,206.0300,199.0800,-67.425195,0,5.701400,-151.347896,191.4100,2023-05-10,2759834584.2200,2023-05-10
8215291,sh.688256,109.632343,205.6000,3,1,17.790352,199.0800,-1.537100,201.6200,196.0200,-66.388822,0,3.392100,-149.021572,196.0000,2023-05-11,1636411144.0300,2023-05-11
7502785,sh.688256,109.621158,204.5000,3,1,17.788537,196.0200,-0.010200,195.9700,196.0000,-66.382048,0,3.097900,-149.006367,192.1100,2023-05-12,1489746415.7500,2023-05-12
17714570,sh.688256,105.398506,201.5800,3,1,17.103315,196.0000,-3.852000,200.0000,188.4500,-63.824985,0,7.314500,-143.266581,177.0000,2023-05-15,3293823372.6100,2023-05-15
10261854,sh.688256,103.194897,193.0000,3,1,16.745729,188.4500,-2.090700,191.0800,184.5100,-62.490570,0,4.237200,-140.271249,183.3300,2023-05-16,1929752045.3400,2023-05-16
8012193,sh.688256,104.889550,192.6600,3,1,17.020726,184.5100,1.642200,184.0000,187.5400,-63.516782,0,3.308300,-142.574766,183.8200,2023-05-17,1509135887.6700,2023-05-17
16393375,sh.688256,110.074184,204.5000,3,1,17.862051,187.5400,4.942900,192.2200,196.8100,-66.656382,0,6.768900,-149.622159,188.0000,2023-05-18,3230820643.2100,2023-05-18
13846796,sh.688256,109.229653,213.8000,3,1,17.725007,196.8100,-0.767200,205.9000,195.3000,-66.144970,0,5.717400,-148.474201,193.9200,2023-05-19,2838526233.3000,2023-05-19
9489520,sh.688256,105.510364,201.8900,3,1,17.121467,195.3000,-3.405000,189.1400,188.6500,-63.892722,0,3.918300,-143.418628,186.0000,2023-05-22,1826715861.2900,2023-05-22
8268614,sh.688256,102.971180,190.9800,3,1,16.709426,188.6500,-2.406600,187.8400,184.1100,-62.355097,0,3.414200,-139.967154,183.3600,2023-05-23,1541882809.7700,2023-05-23
10485434,sh.688256,101.791075,188.5500,3,1,16.517927,184.1100,-1.146100,183.9200,182.0000,-61.640473,0,4.329500,-138.363055,175.0500,2023-05-24,1900145756.5500,2023-05-24
16082814,sh.688256,108.782220,203.0000,3,1,17.652400,182.0000,6.868100,195.0000,194.5000,-65.874022,0,6.640700,-147.866012,184.1700,2023-05-25,3099925655.2600,2023-05-25
19349292,sh.688256,125.281323,233.4000,3,1,20.329757,194.5000,15.167100,194.0000,224.0000,-75.865198,0,7.989400,-170.292991,193.0300,2023-05-26,4155578951.3200,2023-05-26
15087680,sh.688256,122.820440,232.5800,3,1,19.930422,224.0000,-1.964300,225.9900,219.6000,-74.374989,0,6.229800,-166.947950,218.4000,2023-05-29,3388178678.1000,2023-05-29
12165497,sh.688256,131.321672,239.8000,3,1,21.309941,219.6000,6.921700,218.0800,234.8000,-79.522984,0,5.023200,-178.503546,214.1100,2023-05-30,2757265139.2600,2023-05-30
14570182,sh.688256,142.653812,254.1900,3,1,23.148840,234.8000,8.258100,233.4500,254.1900,-86.385260,0,5.981000,-193.907150,227.0000,2023-05-31,3460211625.4300,2023-05-31
12185998,sh.688256,133.012235,259.2400,3,1,21.584274,254.1900,-6.758700,248.0000,237.0100,-80.546719,0,5.002300,-180.801501,237.0000,2023-06-01,3007753344.0300,2023-06-01
11829555,sh.688256,128.348585,244.5800,3,1,20.827490,237.0100,-3.506200,241.0000,228.7000,-77.722605,0,4.856000,-174.462273,224.8400,2023-06-02,2732752212.9600,2023-06-02
8976525,sh.688256,129.257744,235.2400,3,1,20.975022,228.7000,0.708400,227.7000,230.3200,-78.273155,0,3.684800,-175.698079,225.0000,2023-06-05,2066278372.5100,2023-06-05
9159566,sh.688256,125.289994,232.1800,3,1,20.331164,230.3200,-3.069600,227.0000,223.2500,-75.870449,0,3.760000,-170.304777,219.0000,2023-06-06,2059426427.3300,2023-06-06
7110621,sh.688256,124.304240,226.5300,3,1,20.171203,223.2500,-0.918300,221.0900,221.2000,-75.273517,0,2.912300,-168.964857,217.1200,2023-06-07,1572973389.4700,2023-06-07
7139574,sh.688256,124.197469,223.6500,3,1,20.153877,221.2000,-0.085900,218.0000,221.0100,-75.208861,0,2.924100,-168.819725,213.0100,2023-06-08,1562324276.4200,2023-06-08
14242879,sh.688256,127.439944,228.6500,3,1,20.680042,221.0100,2.610700,221.0100,226.7800,-77.172370,0,5.833400,-173.227172,209.0000,2023-06-09,3102521832.5300,2023-06-09
11373092,sh.688256,123.747906,234.5600,3,1,20.080925,226.7800,-2.897100,224.5600,220.2100,-74.936624,0,4.658100,-168.208640,219.0000,2023-06-12,2574783631.6700,2023-06-12
12729925,sh.688256,130.879103,235.9900,3,1,21.238124,220.2100,5.762700,219.4800,232.9000,-79.254983,0,5.213800,-177.901968,213.1000,2023-06-13,2884886425.8500,2023-06-13
12266776,sh.688256,126.327275,231.8800,3,1,20.499486,232.9000,-3.477900,229.6000,224.8000,-76.498584,0,5.024100,-171.714738,218.8600,2023-06-14,2747667052.1800,2023-06-14
12010164,sh.688256,118.572309,230.8900,3,1,19.241066,224.8000,-6.138800,227.5000,211.0000,-71.802496,0,4.919000,-161.173530,211.0000,2023-06-15,2626054839.4000,2023-06-15
13647406,sh.688256,125.231465,222.8800,3,1,20.321666,211.0000,5.616100,206.9000,222.8500,-75.835006,0,5.589500,-170.225219,202.6300,2023-06-16,2923130264.1200,2023-06-16
16970777,sh.688256,134.363218,242.6800,3,1,21.803502,222.8500,7.291900,227.0000,239.1000,-81.364819,0,6.950700,-182.637873,224.0100,2023-06-19,3991358350.2900,2023-06-19
20430662,sh.688256,150.041737,269.5000,3,1,24.347699,239.1000,11.668800,244.0000,267.0000,-90.859083,0,8.367800,-203.949444,231.1000,2023-06-20,5061736664.0300,2023-06-20
15277974,sh.688256,129.800151,257.0000,3,1,21.063040,267.0000,-13.490600,256.6900,230.9800,-78.601614,0,6.257400,-176.435365,230.0000,2023-06-21,3726921595.3800,2023-06-21
15102394,sh.688256,113.795699,224.5400,3,1,18.465952,230.9800,-12.330100,221.0000,202.5000,-68.909978,0,6.185500,-154.680758,200.2400,2023-06-26,3169393797.2100,2023-06-26
7954087,sh.688256,110.530746,202.6500,3,1,17.936139,202.5000,-2.869100,198.0000,196.6900,-66.932858,0,3.257700,-150.242757,195.0000,2023-06-27,1575126112.8200,2023-06-27
16220421,sh.688256,114.048579,215.0000,3,1,18.506987,196.6900,3.182700,209.9900,202.9500,-69.063112,0,6.643400,-155.024493,198.5000,2023-06-28,3352777802.3100,2023-06-28
14486654,sh.688256,108.457136,204.7700,3,1,17.599648,202.9500,-4.902700,202.0000,193.0000,-65.677165,0,5.933300,-147.424130,183.3000,2023-06-29,2784893098.9900,2023-06-29
10952773,sh.688256,105.647365,193.0000,3,1,17.143698,193.0000,-2.590700,189.9400,188.0000,-63.975684,0,4.485900,-143.604852,183.0200,2023-06-30,2049782238.8700,2023-06-30
11430722,sh.688256,108.198637,199.0000,3,1,17.557700,188.0000,2.414900,187.0200,192.5400,-65.520628,0,4.681700,-147.072756,181.0000,2023-07-03,2160024871.4300,2023-07-03
11836875,sh.688256,113.745123,205.2000,3,1,18.457745,192.5400,5.126200,190.0000,202.4100,-68.879352,0,4.848000,-154.612011,187.2800,2023-07-04,2349023649.8000,2023-07-04
7493650,sh.688256,112.840377,206.7400,3,1,18.310929,202.4100,-0.795400,199.4900,200.8000,-68.331475,0,3.069200,-153.382203,196.5100,2023-07-05,1511239830.9300,2023-07-05
10909423,sh.688256,116.223341,217.8000,3,1,18.859892,200.8000,2.998000,198.2200,206.8200,-70.380058,0,4.468200,-157.980614,198.2200,2023-07-06,2293471412.1700,2023-07-06
9341646,sh.688256,109.822684,209.6000,3,1,17.821239,206.8200,-5.507200,206.8200,195.4300,-66.504084,0,3.826000,-149.280299,187.8700,2023-07-07,1833783007.8900,2023-07-07
6746510,sh.688256,110.682474,205.0000,3,1,17.960760,195.4300,0.782900,195.4300,196.9600,-67.024738,0,2.763200,-150.448998,194.1100,2023-07-10,1343084217.4800,2023-07-10
11500398,sh.688256,118.178941,218.0000,3,1,19.177233,196.9600,6.772900,197.6200,210.3000,-71.564289,0,4.710200,-160.638831,195.3500,2023-07-11,2411368718.1400,2023-07-11
9395973,sh.688256,110.305964,214.5000,3,1,17.899663,210.3000,-6.661900,212.0100,196.2900,-66.796739,0,3.848300,-149.937215,195.5900,2023-07-12,1917407636.9000,2023-07-12
9686171,sh.688256,112.447009,204.4800,3,1,18.247096,196.2900,1.941000,199.9000,200.1000,-68.093268,0,3.967200,-152.847504,192.1800,2023-07-13,1924027827.6400,2023-07-13
9834336,sh.688256,115.768158,213.6000,3,1,18.786028,200.1000,2.953500,205.1000,206.0100,-70.104418,0,4.027800,-157.361891,201.9100,2023-07-14,2040119897.3900,2023-07-14
8089877,sh.688256,112.503205,210.5500,3,1,18.256215,206.0100,-2.820300,199.0000,200.2000,-68.127297,0,3.313400,-152.923890,193.8600,2023-07-17,1623913163.7400,2023-07-17
12650469,sh.688256,103.961503,198.9300,3,1,16.870129,200.2000,-7.592400,196.9500,185.0000,-62.954795,0,5.181200,-141.313285,183.0100,2023-07-18,2388990206.3700,2023-07-18
6618817,sh.688256,102.483564,189.9900,3,1,16.630299,185.0000,-1.421600,185.0000,182.3700,-62.059816,0,2.710900,-139.304345,182.3000,2023-07-19,1230412456.0600,2023-07-19
8667130,sh.688256,98.903916,184.0000,3,1,16.049420,182.3700,-3.492900,184.0000,176.0000,-59.892129,0,3.549800,-134.438585,175.3300,2023-07-20,1552013552.6700,2023-07-20
9857653,sh.688256,96.037951,176.1300,3,1,15.584351,176.0000,-2.897700,172.7600,170.9000,-58.156619,0,4.037400,-130.542921,167.2600,2023-07-21,1686290388.8300,2023-07-21
8774168,sh.688256,93.936242,175.0000,3,1,15.243301,170.9000,-2.188400,167.5000,167.1600,-56.883911,0,3.593600,-127.686101,166.5100,2023-07-24,1490250103.3300,2023-07-24
9063193,sh.688256,93.846330,172.2500,3,1,15.228711,167.1600,-0.095700,169.0000,167.0000,-56.829464,0,3.712000,-127.563884,164.0000,2023-07-25,1520900523.8900,2023-07-25
10438010,sh.688256,95.206259,175.7500,3,1,15.449390,167.0000,1.449100,171.4200,169.4200,-57.652981,0,4.275100,-129.412415,167.0000,2023-07-26,1787902795.5700,2023-07-26
6457994,sh.688256,92.801095,168.5100,3,1,15.059098,169.4200,-2.526300,167.0000,165.1400,-56.196513,0,2.645000,-126.143113,163.4100,2023-07-27,1069843586.2400,2023-07-27
9306420,sh.688256,90.362214,163.3500,3,1,14.663334,165.1400,-2.628100,162.0000,160.8000,-54.719627,0,3.811600,-122.827980,157.5000,2023-07-28,1493469474.9300,2023-07-28
7752668,sh.688256,92.166087,166.9900,3,1,14.956053,160.8000,1.996300,159.5400,164.0100,-55.811978,0,3.175200,-125.279956,156.4100,2023-07-31,1270279583.7500,2023-07-31
6709752,sh.688256,92.593172,166.4900,3,1,15.025357,164.0100,0.463400,164.0200,164.7700,-56.070603,0,2.748100,-125.860486,159.0000,2023-08-01,1094123516.7800,2023-08-01
6917721,sh.688256,93.790134,169.5800,3,1,15.219592,164.7700,1.292700,164.0000,166.9000,-56.795434,0,2.833300,-127.487499,163.0100,2023-08-02,1151269913.2700,2023-08-02
6791832,sh.688256,94.526294,171.2600,3,1,15.339051,166.9000,0.784900,163.5000,168.2100,-57.241222,0,2.781700,-128.488149,161.6000,2023-08-03,1141072221.6800,2023-08-03
7678955,sh.688256,97.139381,173.5700,3,1,15.763084,168.2100,2.764400,168.2200,172.8600,-58.823599,0,3.145100,-132.040078,166.9000,2023-08-04,1313793561.8400,2023-08-04
6772169,sh.688256,95.391703,177.6200,3,1,15.479483,172.8600,-1.799100,173.4700,169.7500,-57.765278,0,2.680500,-129.664487,168.9700,2023-08-07,1168427418.5200,2023-08-07
4097282,sh.688256,95.054531,172.3300,3,1,15.424769,169.7500,-0.353500,169.5400,169.1500,-57.561101,0,1.621800,-129.206174,168.4000,2023-08-08,697075571.2500,2023-08-08
4790651,sh.688256,92.789856,169.8000,3,1,15.057274,169.1500,-2.382500,167.3900,165.1200,-56.189707,0,1.896200,-126.127836,165.1200,2023-08-09,797950248.1600,2023-08-09
3450155,sh.688256,92.160467,166.3900,3,1,14.955141,165.1200,-0.678300,164.4400,164.0000,-55.808575,0,1.365600,-125.272317,163.0200,2023-08-10,567667680.4100,2023-08-10
4634323,sh.688256,88.788743,166.0000,3,1,14.408002,164.0000,-3.658500,164.8000,158.0000,-53.766798,0,1.834300,-120.689184,158.0000,2023-08-11,749031062.5300,2023-08-11
5458926,sh.688256,89.575479,159.5900,3,1,14.535668,158.0000,0.886100,156.8600,159.4000,-54.243213,0,2.160700,-121.758582,154.9000,2023-08-14,858071549.4500,2023-08-14
4158372,sh.688256,89.109057,164.7400,3,1,14.459980,159.4000,-0.520700,161.5200,158.5700,-53.960767,0,1.645900,-121.124582,158.2500,2023-08-15,669112815.6400,2023-08-15
4994937,sh.688256,85.866582,158.5000,3,1,13.933814,158.5700,-3.638800,157.0100,152.8000,-51.997258,0,1.977100,-116.717135,152.3000,2023-08-16,771610216.9800,2023-08-16
6683913,sh.688256,88.193072,161.3000,3,1,14.311341,152.8000,2.709400,151.9500,156.9400,-53.406084,0,2.645600,-119.879497,151.5500,2023-08-17,1055626952.3100,2023-08-17
4965038,sh.688256,85.079846,162.0000,3,1,13.806149,156.9400,-3.530000,159.7500,151.4000,-51.520843,0,1.965200,-115.647737,151.4000,2023-08-18,768025246.9800,2023-08-18
3979482,sh.688256,85.079846,156.3600,3,1,13.806149,151.4000,0.000000,149.2200,151.4000,-51.520843,0,1.575100,-115.647737,149.2200,2023-08-21,609719133.8300,2023-08-21
5428365,sh.688256,88.569581,158.5000,3,1,14.372438,151.4000,4.101700,155.8000,157.6100,-53.634082,0,2.148600,-120.391280,151.1700,2023-08-22,840207856.4400,2023-08-22
4861167,sh.688256,84.371784,156.0000,3,1,13.691249,157.6100,-4.739500,155.8200,150.1400,-51.092070,0,1.924100,-114.685279,149.0100,2023-08-23,732871374.3900,2023-08-23
5314333,sh.688256,84.461697,156.4900,3,1,13.705840,150.1400,0.106600,153.8800,150.3000,-51.146517,0,2.103500,-114.807496,150.0000,2023-08-24,813653980.3300,2023-08-24
7615369,sh.688256,78.965786,146.3000,3,1,12.814003,150.3000,-6.507000,145.7700,140.5200,-47.818421,0,3.014300,-107.336988,139.2300,2023-08-25,1080616259.1500,2023-08-25
6912825,sh.688256,81.539536,154.0000,3,1,13.231652,140.5200,3.259300,154.0000,145.1000,-49.376977,0,2.736200,-110.835447,142.9100,2023-08-28,1011498812.3300,2023-08-28
7972907,sh.688256,82.022816,149.2000,3,1,13.310076,145.1000,0.592700,145.3100,145.9600,-49.669632,0,3.155800,-111.492363,142.0000,2023-08-29,1160084080.8800,2023-08-29
13804651,sh.688256,89.833978,162.0000,3,1,14.577615,145.9600,9.523200,148.0000,159.8600,-54.399749,0,5.464100,-122.109955,147.9900,2023-08-30,2156188223.5300,2023-08-30
11657481,sh.688256,98.486420,163.1900,3,1,10.898472,159.8600,-0.663100,154.0000,158.8000,-56.112147,0,4.614200,497.911301,152.7000,2023-08-31,1832641350.0900,2023-08-31
10465298,sh.688256,92.303110,160.5000,3,1,10.214229,158.8000,-6.278300,159.5000,148.8300,-52.589237,0,4.142300,466.650749,145.0000,2023-09-01,1581215499.1400,2023-09-01
7206464,sh.688256,92.334119,148.8800,3,1,10.217660,148.8300,0.033600,148.7300,148.8800,-52.606904,0,2.852400,466.807522,143.0000,2023-09-04,1052482002.8500,2023-09-04
8714519,sh.688256,89.617680,153.0000,3,1,9.917060,148.8800,-2.942000,150.9000,144.5000,-51.059227,0,3.449300,453.074200,143.4300,2023-09-05,1291178291.0500,2023-09-05
11444226,sh.688256,94.858299,153.7400,3,1,10.496985,144.5000,5.847800,142.8400,152.9500,-54.045043,0,4.529800,479.568851,141.0000,2023-09-06,1697748036.3800,2023-09-06
11677600,sh.688256,86.132204,148.9800,3,1,9.531358,152.9500,-9.199100,148.9800,138.8800,-49.073394,0,4.622100,435.452906,138.5100,2023-09-07,1669119811.9300,2023-09-07
7919972,sh.688256,87.124510,142.3800,3,1,9.641167,138.8800,1.152100,137.3900,140.4800,-49.638755,0,3.134800,440.469645,137.3900,2023-09-08,1114374582.8900,2023-09-08
8286976,sh.688256,87.502827,144.9900,3,1,9.683031,140.4800,0.434200,140.2500,141.0900,-49.854299,0,3.280100,442.382276,137.8100,2023-09-11,1169730221.5400,2023-09-11
6550643,sh.688256,88.191240,144.5500,3,1,9.759211,141.0900,0.786700,140.8000,142.2000,-50.246519,0,2.592800,445.862639,139.5800,2023-09-12,931325437.3400,2023-09-12
7249003,sh.688256,84.581725,141.8000,3,1,9.359783,142.2000,-4.092800,141.8000,136.3800,-48.190016,0,2.869200,427.614252,134.1000,2023-09-13,991747883.3800,2023-09-13
4309103,sh.688256,82.845189,136.9000,3,1,9.167619,136.3800,-2.053100,135.7900,133.5800,-47.200633,0,1.705600,418.834960,133.3300,2023-09-14,580164513.1800,2023-09-14
7088360,sh.688256,83.087063,134.4000,3,1,9.194384,133.5800,0.292000,134.3000,133.9700,-47.338440,0,2.805700,420.057790,130.0000,2023-09-15,936754512.4400,2023-09-15
6344884,sh.688256,80.128750,133.7500,3,1,8.867018,133.9700,-3.560500,131.4800,129.2000,-45.652955,0,2.511400,405.101638,128.3200,2023-09-18,828087972.8400,2023-09-18
5293042,sh.688256,78.634088,129.7800,3,1,8.701620,129.2000,-1.865300,129.0000,126.7900,-44.801379,0,2.095100,397.545176,126.3000,2023-09-19,674976728.9200,2023-09-19
6386055,sh.688256,76.469619,128.3600,3,1,8.462100,126.7900,-2.752600,126.7800,123.3000,-43.568184,0,2.527700,386.602415,123.0000,2023-09-20,798629971.2200,2023-09-20
6471975,sh.688256,76.779715,127.5000,3,1,8.496415,123.3000,0.405500,122.2700,123.8000,-43.744860,0,2.561700,388.170145,122.0000,2023-09-21,810500491.1600,2023-09-21
9938737,sh.688256,80.928797,132.5000,3,1,8.955551,123.8000,5.403900,124.6700,130.4900,-46.108778,0,3.933900,409.146384,123.0100,2023-09-22,1283800362.6200,2023-09-22
6640161,sh.688256,78.224761,131.6900,3,1,8.656324,130.4900,-3.341300,129.6900,126.1300,-44.568168,0,2.628300,395.475771,125.7300,2023-09-25,851611543.3200,2023-09-25
9412527,sh.688256,80.885383,134.4500,3,1,8.950747,126.1300,3.401300,127.8400,130.4200,-46.084044,0,3.725600,408.926901,126.2100,2023-09-26,1235699488.3100,2023-09-26
7443495,sh.688256,78.640290,130.5800,3,1,8.702306,130.4200,-2.775600,128.1300,126.8000,-44.804913,0,2.946200,397.576530,126.3400,2023-09-27,952625554.5900,2023-09-27
7001007,sh.688256,76.872744,130.4100,3,1,8.506710,126.8000,-2.247600,127.0500,123.9500,-43.797862,0,2.771100,388.640465,123.1900,2023-09-28,880353756.3700,2023-09-28
7926384,sh.688256,78.162742,132.2700,3,1,8.649461,123.9500,1.678100,123.2600,126.0300,-44.532833,0,3.137400,395.162225,121.9500,2023-10-09,1007613066.9800,2023-10-09
5365154,sh.688256,76.668081,127.8000,3,1,8.484062,126.0300,-1.912200,126.0000,123.6200,-43.681257,0,2.123600,387.605762,122.9200,2023-10-10,670751134.9500,2023-10-10
9237036,sh.688256,78.764328,131.5000,3,1,8.716032,123.6200,2.734200,123.9900,127.0000,-44.875583,0,3.656100,398.203623,123.2800,2023-10-11,1178113254.9100,2023-10-11
6169288,sh.688256,76.841734,129.5000,3,1,8.503278,127.0000,-2.440900,126.7400,123.9000,-43.780195,0,2.441900,388.483692,122.5900,2023-10-12,769872540.6600,2023-10-12
8264277,sh.688256,75.067986,124.4300,3,1,8.306996,123.9000,-2.308300,122.0400,121.0400,-42.769611,0,3.101600,379.516271,119.0000,2023-10-13,1001244627.9600,2023-10-13
7868921,sh.688256,72.593422,120.7700,3,1,8.033162,121.0400,-3.296400,120.0000,117.0500,-41.359740,0,2.953200,367.005780,115.9000,2023-10-16,927443732.7900,2023-10-16
5924686,sh.688256,71.613519,118.6800,3,1,7.924726,117.0500,-1.349900,118.0000,115.4700,-40.801446,0,2.223600,362.051750,114.7500,2023-10-17,686742133.4500,2023-10-17
17137490,sh.688256,74.547025,131.0000,3,1,8.249347,115.4700,4.096300,125.9800,120.2000,-42.472796,0,6.431800,376.882484,119.2300,2023-10-18,2137531494.3100,2023-10-18
20958110,sh.688256,89.456431,144.2400,3,1,9.899216,120.2000,20.000000,119.0000,144.2400,-50.967355,0,7.865700,452.258980,119.0000,2023-10-19,2888313224.9900,2023-10-19
24367778,sh.688256,84.066966,147.0000,3,1,9.302820,144.2400,-6.024700,144.0000,135.5500,-47.896735,0,9.145300,425.011819,131.5800,2023-10-20,3343333515.6700,2023-10-20
24306631,sh.688256,67.253573,136.5200,3,1,7.442256,135.5500,-20.000000,134.0700,108.4400,-38.317388,0,9.122400,340.009455,108.4400,2023-10-23,2877265078.0600,2023-10-23
16978701,sh.688256,67.390015,113.0000,3,1,7.457355,108.4400,0.202900,107.1000,108.6600,-38.395125,0,6.372200,340.699257,104.4400,2023-10-24,1844404049.9800,2023-10-24
17067592,sh.688256,69.883185,121.0000,3,1,7.733248,108.6600,3.699600,111.0200,112.6800,-39.815596,0,6.405500,353.303812,111.0200,2023-10-25,1977777311.8700,2023-10-25
12728255,sh.688256,69.002513,118.0000,3,1,7.635793,112.6800,-1.260200,112.1200,111.2600,-39.313838,0,4.777000,348.851457,108.3300,2023-10-26,1428067640.9500,2023-10-26
10296673,sh.688256,67.700111,112.9600,3,1,7.491670,111.2600,-1.887500,110.0700,109.1600,-38.571800,0,3.864400,342.266988,107.9100,2023-10-27,1131982053.0800,2023-10-27
10207266,sh.688256,74.846069,110.6900,3,1,7.866277,109.1600,0.476400,109.2200,109.6800,-40.814056,0,3.830800,642.462922,106.8800,2023-10-30,1111752060.6400,2023-10-30
7273881,sh.688256,73.174179,109.7600,3,1,7.690563,109.6800,-2.233800,109.4100,107.2300,-39.902363,0,2.729900,628.111771,106.1000,2023-10-31,780631939.5700,2023-10-31
12841767,sh.688256,73.699630,112.8700,3,1,7.745787,107.2300,0.718100,106.8800,108.0000,-40.188895,0,4.819600,632.622133,105.5000,2023-11-01,1398508721.1900,2023-11-01
8254812,sh.688256,71.481817,110.7600,3,1,7.512696,108.0000,-3.009300,110.0000,104.7500,-38.979507,0,3.098100,613.584893,104.6200,2023-11-02,882502404.4600,2023-11-02
10615641,sh.688256,74.402506,109.9800,3,1,7.819659,104.7500,4.085900,104.7900,109.0300,-40.572178,0,3.984100,638.655473,104.6200,2023-11-03,1146162141.4000,2023-11-03
15022122,sh.688256,79.684313,117.7600,3,1,8.374774,109.0300,7.099000,110.9000,116.7700,-43.452382,0,5.637900,683.993393,110.8400,2023-11-06,1733261873.0800,2023-11-06
14747288,sh.688256,83.812857,126.4900,3,1,8.808681,116.7700,5.181100,116.3900,122.8200,-45.703705,0,5.534700,719.431948,115.5000,2023-11-07,1799866504.5000,2023-11-07
21119735,sh.688256,92.117713,143.6500,3,1,9.681517,122.8200,9.908800,127.2500,134.9900,-50.232398,0,7.926300,790.719090,125.5000,2023-11-08,2820234211.0800,2023-11-08
16385876,sh.688256,90.432176,144.4400,3,1,9.504368,134.9900,-1.829800,132.0400,132.5200,-49.313263,0,6.149700,776.250787,132.0400,2023-11-09,2250511510.8900,2023-11-09
16086389,sh.688256,93.482521,139.2100,3,1,9.824957,132.5200,3.373100,129.7900,136.9900,-50.976636,0,6.037300,802.434315,129.0000,2023-11-10,2172587586.4000,2023-11-10
13206206,sh.688256,92.254194,139.6300,3,1,9.695861,136.9900,-1.314000,139.0100,135.1900,-50.306822,0,4.956300,791.890612,132.6000,2023-11-13,1783504843.4900,2023-11-13
20915113,sh.688256,104.421457,155.4000,3,1,10.974633,135.1900,13.188800,134.4800,153.0200,-56.941710,0,7.849500,896.331840,132.3000,2023-11-14,3002182005.0300,2023-11-14
23122887,sh.688256,103.384203,163.5000,3,1,10.865618,153.0200,-0.993300,150.0000,151.5000,-56.376089,0,8.678100,887.428270,147.6200,2023-11-15,3556855264.3800,2023-11-15
15381019,sh.688256,103.691285,157.6000,3,1,10.897892,151.5000,0.297000,150.0100,151.9500,-56.543543,0,5.772600,890.064195,148.0100,2023-11-16,2349840451.1300,2023-11-16
14301268,sh.688256,104.885492,154.3300,3,1,11.023403,151.9500,1.151700,152.6000,153.7000,-57.194752,0,5.367300,900.315017,145.0900,2023-11-17,2145862190.9100,2023-11-17
18970908,sh.688256,112.890091,169.8000,3,1,11.864681,153.7000,7.631800,153.7000,165.4300,-61.559712,0,7.119900,969.024809,152.0000,2023-11-20,3038259692.6800,2023-11-20
12925576,sh.688256,105.772617,167.5000,3,1,11.116639,165.4300,-6.304800,163.2100,155.0000,-57.678507,0,4.851000,907.929913,155.0000,2023-11-21,2069587476.7000,2023-11-21
12580109,sh.688256,104.257680,157.8900,3,1,10.957420,155.0000,-1.432300,156.0100,152.7800,-56.852402,0,4.721400,894.926013,148.6000,2023-11-22,1921661448.7900,2023-11-22
8621769,sh.688256,103.745877,153.2300,3,1,10.903630,152.7800,-0.490900,151.9300,152.0300,-56.573312,0,3.235800,890.532804,145.3800,2023-11-23,1291457682.1500,2023-11-23
12203117,sh.688256,96.955958,151.0500,3,1,10.190013,152.0300,-6.544800,151.0100,142.0800,-52.870724,0,4.579900,832.249561,140.7000,2023-11-24,1764740881.2800,2023-11-24
10394195,sh.688256,98.272997,146.5500,3,1,10.328433,142.0800,1.358400,139.5100,144.0100,-53.588915,0,3.901000,843.554753,139.0000,2023-11-27,1489674333.0600,2023-11-27
7652650,sh.688256,98.334414,146.9900,3,1,10.334888,144.0100,0.062500,144.0000,144.1000,-53.622405,0,2.872100,844.081938,142.4100,2023-11-28,1105728648.7900,2023-11-28
7090383,sh.688256,97.447289,146.9700,3,1,10.241652,144.1000,-0.902200,143.0300,142.8000,-53.138650,0,2.661000,836.467042,142.4000,2023-11-29,1024742618.3400,2023-11-29
11433957,sh.688256,102.230940,149.9700,3,1,10.744411,142.8000,4.909000,141.6600,149.8100,-55.747207,0,4.291200,877.528905,141.2000,2023-11-30,1679681752.5000,2023-11-30
12336701,sh.688256,105.772617,156.3200,3,1,11.116639,149.8100,3.464400,149.0000,155.0000,-57.678507,0,4.630000,907.929913,147.0000,2023-12-01,1882313505.4000,2023-12-01
13482665,sh.688256,107.696996,166.0000,3,1,11.318890,155.0000,1.819400,160.9900,157.8200,-58.727884,0,5.060100,924.448380,157.7000,2023-12-04,2192673150.1800,2023-12-04
10506510,sh.688256,104.407809,163.5000,3,1,10.973199,157.8200,-3.054100,157.8200,153.0000,-56.934268,0,3.943100,896.214688,152.9300,2023-12-05,1655895498.1100,2023-12-05
11964357,sh.688256,107.485451,160.5000,3,1,11.296657,153.0000,2.947700,152.0000,157.5100,-58.612527,0,4.490300,922.632520,148.9400,2023-12-06,1835139830.9200,2023-12-06
11786857,sh.688256,107.608284,161.6600,3,1,11.309567,157.5100,0.114300,155.8600,157.6900,-58.679508,0,4.423700,923.686890,153.8300,2023-12-07,1864571603.2400,2023-12-07
19201002,sh.688256,115.612882,172.5800,3,1,12.150845,157.6900,7.438600,159.9800,169.4200,-63.044469,0,7.206200,992.396683,159.3500,2023-12-08,3183505354.8400,2023-12-08
10986722,sh.688256,,172.3300,3,1,,169.4200,0.336400,165.0100,169.9900,,0,4.123400,,163.8800,2023-12-11,1849240551.5300,2023-12-11
16019171,sh.688256,105.090213,168.2200,3,1,11.044919,169.9900,-9.406400,168.0000,154.0000,-57.306387,0,6.012100,902.072300,153.1800,2023-12-12,2555590404.7900,2023-12-12
11099309,sh.688256,101.186862,156.5000,3,1,10.634679,154.0000,-3.714300,153.1600,148.2800,-55.177865,0,4.165600,868.566758,147.5800,2023-12-13,1674220034.7900,2023-12-13
9393392,sh.688256,101.575833,154.4000,3,1,10.675559,148.2800,0.384400,149.4000,148.8500,-55.389973,0,3.525400,871.905597,148.0000,2023-12-14,1417600018.4000,2023-12-14
7147873,sh.688256,98.812096,150.5000,3,1,10.385092,148.8500,-2.720900,149.5000,144.8000,-53.882889,0,2.682600,848.182267,142.7000,2023-12-15,1040001939.7900,2023-12-15
5876964,sh.688256,99.255659,147.8500,3,1,10.431711,144.8000,0.448900,143.5000,145.4500,-54.124767,0,2.205600,851.989715,142.0500,2023-12-18,854951163.8500,2023-12-18
6660938,sh.688256,101.528064,151.4400,3,1,10.670539,145.4500,2.289400,143.6600,148.7800,-55.363924,0,2.499900,871.495564,143.1500,2023-12-19,982017758.7200,2023-12-19
5398495,sh.688256,97.508705,150.8800,3,1,10.248107,148.7800,-3.958900,149.5000,142.8900,-53.172141,0,2.026100,836.994227,142.6800,2023-12-20,785704000.2800,2023-12-20
6998055,sh.688256,99.767462,149.8600,3,1,10.485501,142.8900,2.316500,142.0000,146.2000,-54.403856,0,2.626400,856.382924,139.8600,2023-12-21,1011548415.2100,2023-12-21
7394880,sh.688256,100.313385,151.2000,3,1,10.542877,146.2000,0.547200,146.2000,147.0000,-54.701552,0,2.775300,861.069014,144.0100,2023-12-22,1090205805.7300,2023-12-22
11138463,sh.688256,92.943422,147.2500,3,1,9.768298,147.0000,-7.346900,144.9500,136.2000,-50.682662,0,4.180300,797.806801,121.0000,2023-12-25,1493921834.4800,2023-12-25
7243831,sh.688256,90.418527,136.9400,3,1,9.502933,136.2000,-2.716600,134.2000,132.5000,-49.305820,0,2.718600,776.133635,130.1500,2023-12-26,962743140.1800,2023-12-26
4779566,sh.688256,89.742948,134.9600,3,1,9.431930,132.5000,-0.747200,134.4400,131.5100,-48.937422,0,1.793800,770.334599,131.4900,2023-12-27,635522173.5800,2023-12-27
6580235,sh.688256,90.152390,135.6700,3,1,9.474962,131.5100,0.456200,133.0000,132.1100,-49.160694,0,2.469600,773.849166,130.9500,2023-12-28,875027473.9200,2023-12-28
7068483,sh.688256,92.097241,136.5000,3,1,9.679365,132.1100,2.157300,132.1100,134.9600,-50.221234,0,2.652800,790.543361,131.0000,2023-12-29,948223460.0600,2023-12-29
6439820,sh.688256,92.056297,138.5000,3,1,9.675062,134.9600,-0.044500,136.0000,134.9000,-50.198907,0,1.545800,790.191905,130.5000,2024-01-02,869851049.7300,2024-01-02
8225167,sh.688256,87.320413,134.6000,3,1,9.177323,134.9000,-5.144600,134.0000,127.9600,-47.616398,0,1.974400,749.540075,126.9200,2024-01-03,1064202660.8600,2024-01-03
5712736,sh.688256,87.074748,128.8000,3,1,9.151504,127.9600,-0.281300,127.4600,127.6000,-47.482435,0,1.371300,747.431335,123.7500,2024-01-04,721731245.7600,2024-01-04
4413751,sh.688256,85.368738,128.7200,3,1,8.972204,127.6000,-1.959200,127.8900,125.1000,-46.552137,0,1.059500,732.787304,123.8000,2024-01-05,554913435.4000,2024-01-05
5719626,sh.688256,83.314702,125.1000,3,1,8.756326,125.1000,-2.406100,124.5000,122.0900,-45.432057,0,1.372900,715.155891,119.7800,2024-01-08,696710742.7800,2024-01-08
7394487,sh.688256,81.219722,124.0000,3,1,8.536144,122.0900,-2.514500,123.0800,119.0200,-44.289651,0,1.775000,697.173021,117.5500,2024-01-09,883799959.5200,2024-01-09
6311464,sh.688256,80.830752,121.7200,3,1,8.495264,119.0200,-0.478900,117.8700,118.4500,-44.077543,0,1.515000,693.834182,115.0800,2024-01-10,745686072.4400,2024-01-10
5450704,sh.688256,82.154615,121.9900,3,1,8.634401,118.4500,1.637800,118.4000,120.3900,-44.799454,0,1.308400,705.197950,118.0000,2024-01-11,656163797.3400,2024-01-11
4992234,sh.688256,79.943626,122.8000,3,1,8.402028,120.3900,-2.691300,120.0000,117.1500,-43.593788,0,1.198300,686.219286,117.0000,2024-01-12,594204962.2000,2024-01-12
8606162,sh.688256,82.434401,124.9000,3,1,8.663806,117.1500,3.115700,118.0000,120.8000,-44.952023,0,2.065800,707.599571,117.1000,2024-01-15,1046114893.3300,2024-01-15
8538525,sh.688256,83.771913,124.5900,3,1,8.804378,120.8000,1.622500,119.5000,122.7600,-45.681377,0,2.049600,719.080491,119.5000,2024-01-16,1042660819.0000,2024-01-16
9815370,sh.688256,84.563501,127.8000,3,1,8.887574,122.7600,0.944900,123.5800,123.9200,-46.113036,0,2.356100,725.875321,123.1800,2024-01-17,1228977572.6500,2024-01-17
10613713,sh.688256,89.736124,131.5000,3,1,9.431213,123.9200,6.116800,121.0000,131.5000,-48.933701,0,2.547700,770.276023,118.5100,2024-01-18,1333899053.4800,2024-01-18
7743686,sh.688256,89.858956,133.5400,3,1,9.444123,131.5000,0.136900,131.9000,131.6800,-49.000682,0,1.858800,771.330393,128.3000,2024-01-19,1014911885.0400,2024-01-19
9047274,sh.688256,88.030114,136.2900,3,1,9.251912,131.6800,-2.035200,135.6300,129.0000,-48.003402,0,2.171700,755.631992,126.5700,2024-01-22,1193443217.4400,2024-01-22
9327198,sh.688256,91.933464,136.5000,3,1,9.662152,129.0000,4.434100,127.0000,134.7200,-50.131925,0,2.238900,789.137535,124.1500,2024-01-23,1225326286.3000,2024-01-23
8201738,sh.688256,89.804364,134.6700,3,1,9.438385,134.7200,-2.315900,133.3000,131.6000,-48.970913,0,1.968800,770.861784,126.3300,2024-01-24,1071366121.3600,2024-01-24
7234242,sh.688256,90.630073,134.4800,3,1,9.525167,131.6000,0.919500,132.0500,132.8100,-49.421177,0,1.736500,777.949495,127.4000,2024-01-25,946868539.1900,2024-01-25
6257204,sh.688256,86.317280,132.5000,3,1,9.071895,132.8100,-4.758700,131.0000,126.4900,-47.069383,0,1.502000,740.929385,126.4900,2024-01-26,810154366.4900,2024-01-26
8742102,sh.688256,86.801786,134.9800,3,1,9.122816,126.4900,0.561300,126.3300,127.2000,-47.333588,0,2.098500,745.088290,126.3300,2024-01-29,1137235970.4600,2024-01-29
7518972,sh.688256,79.773025,125.0000,3,1,8.384097,127.2000,-8.097500,125.0000,116.9000,-43.500758,0,1.804900,684.754883,116.5100,2024-01-30,899504604.8800,2024-01-30
7074836,sh.688256,75.064438,117.5000,3,1,7.889228,116.9000,-5.902500,116.0000,110.0000,-40.933134,0,1.698300,644.337357,109.8800,2024-01-31,800655006.4300,2024-01-31
9095006,sh.688256,79.493240,122.1800,3,1,8.354692,110.0000,5.900000,109.9900,116.4900,-43.348189,0,2.183200,682.353262,108.8500,2024-02-01,1053767937.2300,2024-02-01
9113987,sh.688256,74.034008,117.9800,3,1,7.780930,116.4900,-6.867500,117.4800,108.4900,-40.371234,0,2.187700,635.492363,104.1000,2024-02-02,1007055225.1700,2024-02-02
11085388,sh.688256,70.308082,109.8800,3,1,7.389338,108.4900,-5.032700,108.8200,103.0300,-38.339462,0,2.661000,603.509799,95.8500,2024-02-05,1153043872.1300,2024-02-05
10101882,sh.688256,75.883323,111.4800,3,1,7.975292,103.0300,7.929700,103.0900,111.2000,-41.379677,0,2.424900,651.366492,101.0000,2024-02-06,1084607251.8500,2024-02-06
8100844,sh.688256,75.664953,114.6800,3,1,7.952342,111.2000,-0.287800,111.5300,110.8800,-41.260599,0,1.944500,649.492056,109.1800,2024-02-07,908218039.6600,2024-02-07
7776170,sh.688256,78.749419,117.8000,3,1,8.276517,110.8800,4.076500,113.0000,115.4000,-42.942579,0,1.866600,675.968464,111.2100,2024-02-08,891878430.8700,2024-02-08
11617749,sh.688256,91.462606,135.6000,3,1,9.612665,115.4000,16.143800,124.2000,134.0300,-49.875163,0,2.788700,785.095782,121.3000,2024-02-19,1476583408.5300,2024-02-19
9634512,sh.688256,88.234835,132.4000,3,1,9.273429,134.0300,-3.529100,130.9800,129.3000,-48.115038,0,2.312700,757.389276,126.6600,2024-02-20,1252236008.3800,2024-02-20
8212070,sh.688256,86.870027,130.8800,3,1,9.129988,129.3000,-1.546800,125.5000,127.3000,-47.370800,0,1.971200,745.674051,124.6900,2024-02-21,1045794464.6600,2024-02-21
12375291,sh.688256,95.454669,147.8800,3,1,10.032229,127.3000,9.882200,133.9000,139.8800,-52.052062,0,2.970600,819.362814,133.8500,2024-02-22,1731367936.3300,2024-02-22
9100313,sh.688256,96.785357,147.5300,3,1,10.172083,139.8800,1.394100,146.0000,141.8300,-52.777694,0,2.184500,830.785158,140.0000,2024-02-23,1303370547.3700,2024-02-23
10616825,sh.688256,103.220426,153.6600,3,1,10.848405,141.8300,6.648800,139.4000,151.2600,-56.286780,0,2.548500,886.022443,138.9700,2024-02-26,1587048530.3900,2024-02-26
13192446,sh.688256,114.739405,172.1300,3,1,12.059043,151.2600,11.159600,148.4900,168.1400,-62.568156,0,3.166700,984.898939,146.1200,2024-02-27,2088950350.2600,2024-02-27
14326376,sh.688256,107.888069,181.8800,3,1,11.338972,168.1400,-5.971200,166.1000,158.1000,-58.832077,0,3.438900,926.088511,157.0000,2024-02-28,2397109469.8800,2024-02-28
12347025,sh.688256,99.047292,170.7700,3,1,12.096338,158.1000,6.679300,158.1800,168.6600,-84.085257,0,2.963800,987.944897,158.1500,2024-02-29,2046549079.7000,2024-02-29
10438756,sh.688256,99.834221,172.9500,3,1,12.192443,168.6600,0.794500,168.9300,170.0000,-84.753313,0,2.505700,995.794098,165.0000,2024-03-01,1772559635.4600,2024-03-01
10643968,sh.688256,104.179945,179.9000,3,1,12.723173,170.0000,4.352900,175.0000,177.4000,-88.442575,0,2.555000,1039.140429,169.5000,2024-03-04,1866875637.9100,2024-03-04
14775412,sh.688256,102.770521,189.5000,3,1,12.551044,177.4000,-1.352900,174.0000,175.0000,-87.246057,0,3.546700,1025.082160,171.2100,2024-03-05,2691588232.4200,2024-03-05
9903500,sh.688256,99.981036,174.8400,3,1,12.210373,175.0000,-2.714300,173.9000,170.2500,-84.877950,0,2.377300,997.258501,167.7600,2024-03-06,1695278560.9500,2024-03-06
10865666,sh.688256,96.756977,175.2800,3,1,11.816629,170.2500,-3.224700,173.0400,164.7600,-82.140917,0,2.608200,965.100209,163.5000,2024-03-07,1835545247.2200,2024-03-07
9746790,sh.688256,100.527187,171.2300,3,1,12.277073,164.7600,3.896600,167.9400,171.1800,-85.341600,0,2.339600,1002.706080,165.0000,2024-03-08,1640144616.1800,2024-03-08
12091000,sh.688256,105.536516,182.0000,3,1,12.888846,171.1800,4.983100,170.3200,179.7100,-89.594223,0,2.902300,1052.671514,169.0000,2024-03-11,2144002835.3500,2024-03-11
12276261,sh.688256,99.728514,179.2000,3,1,12.179533,179.7100,-5.503300,177.0200,169.8200,-84.663574,0,2.946800,994.739728,167.6400,2024-03-12,2116639748.3900,2024-03-12
10289198,sh.688256,100.715111,178.6000,3,1,12.300023,169.8200,0.989300,175.0000,171.5000,-85.501136,0,2.469800,1004.580516,171.0000,2024-03-13,1802128657.8400,2024-03-13
9420182,sh.688256,101.302371,174.9900,3,1,12.371743,171.5000,0.583100,166.6600,172.5000,-85.999685,0,2.261200,1010.438129,166.5100,2024-03-14,1610565282.5400,2024-03-14
8565513,sh.688256,100.685748,174.0000,3,1,12.296437,172.5000,-0.608700,171.2300,171.4500,-85.476209,0,2.056100,1004.287636,165.4900,2024-03-15,1454092149.8600,2024-03-15
17081354,sh.688256,114.533341,197.6600,3,1,13.987601,171.4500,13.753300,173.5800,195.0300,-97.231992,0,4.100200,1142.410135,172.0300,2024-03-18,3182789728.9400,2024-03-18
11494566,sh.688256,109.471159,192.5000,3,1,13.369372,195.0300,-4.419800,191.0000,186.4100,-92.934500,0,2.759200,1091.917516,185.3000,2024-03-19,2165963802.8200,2024-03-19
8387838,sh.688256,108.795810,191.0000,3,1,13.286894,186.4100,-0.616900,186.0000,185.2600,-92.361169,0,2.013400,1085.181262,182.9800,2024-03-20,1561173574.6900,2024-03-20
9282865,sh.688256,105.830146,189.6600,3,1,12.924707,185.2600,-2.725900,188.0100,180.2100,-89.843497,0,2.228300,1055.600320,177.6300,2024-03-21,1688572234.3400,2024-03-21
8991013,sh.688256,106.476132,183.2200,3,1,13.003599,180.2100,0.610400,179.3000,181.3100,-90.391901,0,2.158200,1062.043693,175.9900,2024-03-22,1618043666.2800,2024-03-22
11759990,sh.688256,107.398131,193.0000,3,1,13.116200,181.3100,0.865900,181.4800,182.8800,-91.174623,0,2.822900,1071.240145,178.6800,2024-03-25,2190853470.8100,2024-03-25
9744990,sh.688256,101.361097,186.6800,3,1,12.378915,182.8800,-5.621200,181.0400,172.6000,-86.049540,0,2.339200,1011.023890,170.4900,2024-03-26,1731132542.9700,2024-03-26
7334557,sh.688256,99.346795,174.6000,3,1,12.132915,172.6000,-1.987300,170.0000,169.1700,-84.339517,0,1.760600,990.932280,167.3000,2024-03-27,1254064797.3300,2024-03-27
10324949,sh.688256,104.919893,182.8800,3,1,12.813540,169.1700,5.609700,169.1700,178.6600,-89.070746,0,2.478400,1046.521021,166.3800,2024-03-28,1817653318.3400,2024-03-28
8413347,sh.688256,101.866141,179.1000,3,1,12.440595,178.6600,-2.910600,176.7000,173.4600,-86.478292,0,2.019600,1016.061437,167.4900,2024-03-29,1451858864.6900,2024-03-29
7232956,sh.688256,102.523872,178.4400,3,1,12.520922,173.4600,0.645700,177.0300,174.5800,-87.036667,0,1.736200,1022.621962,169.8700,2024-04-01,1261660543.9100,2024-04-01
5883189,sh.688256,100.351009,177.5000,3,1,12.255557,174.5800,-2.119400,173.5000,170.8800,-85.192036,0,1.412200,1000.948797,168.4400,2024-04-02,1014626930.5400,2024-04-02
9628183,sh.688256,95.194866,170.6000,3,1,11.625853,170.8800,-5.138100,168.2000,162.1000,-80.814776,0,2.311200,949.518960,158.5000,2024-04-03,1567150405.2800,2024-04-03
4961089,sh.688256,93.356741,163.8800,3,1,11.401368,162.1000,-1.930900,161.8200,158.9700,-79.254318,0,1.190900,931.184634,157.9600,2024-04-08,797187324.4700,2024-04-08
5843798,sh.688256,92.528705,159.4900,3,1,11.300243,158.9700,-0.887000,157.5800,157.5600,-78.551364,0,1.402800,922.925400,151.0600,2024-04-09,904355247.3200,2024-04-09
6161868,sh.688256,88.141871,157.4900,3,1,10.764493,157.5600,-4.741100,157.0000,150.0900,-74.827204,0,1.479100,879.169036,148.5000,2024-04-10,934369563.5900,2024-04-10
7871042,sh.688256,91.718286,157.8500,3,1,11.201269,150.0900,4.057600,153.5000,156.1800,-77.863367,0,1.889400,914.841895,151.5000,2024-04-11,1219643758.9500,2024-04-11
7468220,sh.688256,94.079071,163.2800,3,1,11.489584,156.1800,2.574000,158.9800,160.2000,-79.867534,0,1.792700,938.389497,157.5000,2024-04-12,1201188013.8700,2024-04-12
7478342,sh.688256,90.209027,160.5000,3,1,11.016948,160.2000,-4.113600,160.0000,153.6100,-76.582096,0,1.795100,899.787832,149.6600,2024-04-15,1153187788.2200,2024-04-15
7642156,sh.688256,85.093991,152.3000,3,1,10.392264,153.6100,-5.670200,151.3100,144.9000,-72.239735,0,1.834400,848.768028,144.3800,2024-04-16,1127568642.4900,2024-04-16
8621026,sh.688256,88.147744,151.5700,3,1,10.765210,144.9000,3.588700,147.5000,150.1000,-74.832190,0,2.069400,879.227612,145.5400,2024-04-17,1284064611.3000,2024-04-17
7986629,sh.688256,88.147744,154.5000,3,1,10.765210,150.1000,0.000000,150.0000,150.1000,-74.832190,0,1.917100,879.227612,144.4300,2024-04-18,1197859101.9400,2024-04-18
7015429,sh.688256,83.044454,150.2000,3,1,10.141961,150.1000,-5.789500,149.0000,141.4100,-70.499800,0,1.684000,828.324961,141.4100,2024-04-19,1011215418.0500,2024-04-19
6559855,sh.688256,81.188712,141.0000,3,1,9.915325,141.4100,-2.234600,132.9400,138.2500,-68.924385,0,1.574600,809.814906,130.0200,2024-04-22,899832311.0800,2024-04-22
4321210,sh.688256,81.770099,141.0000,3,1,9.986328,138.2500,0.716100,139.1500,139.2400,-69.417949,0,1.037300,815.613942,136.5000,2024-04-23,598643780.5100,2024-04-23
9757046,sh.688256,89.962378,154.4900,3,1,10.986825,139.2400,10.018700,140.0000,153.1900,-76.372706,0,2.342100,897.327634,138.5000,2024-04-24,1442371594.9300,2024-04-24
4527269,sh.688256,88.089018,153.7500,3,1,10.758038,153.1900,-2.082400,150.7500,150.0000,-74.782335,0,1.086700,878.641851,149.3800,2024-04-25,683804061.3300,2024-04-25
9582663,sh.688256,95.130267,163.3500,3,1,11.617964,150.0000,7.993300,155.0000,161.9900,-80.759936,0,2.300200,948.874623,153.2000,2024-04-26,1526362082.0500,2024-04-26
11212270,sh.688256,100.427353,177.5200,3,1,12.264880,161.9900,5.568200,163.0000,171.0100,-85.256847,0,2.691400,1001.710286,163.0000,2024-04-29,1918747830.7200,2024-04-29
7728703,sh.688256,108.220582,173.5000,3,1,13.048391,171.0100,0.222200,169.0000,171.3900,-87.064287,0,1.855200,28.680912,165.4700,2024-04-30,1308560038.2700,2024-04-30
8535390,sh.688256,104.008952,176.6500,3,1,12.540586,171.3900,-3.891700,176.0000,164.7200,-83.675999,0,2.048800,27.564735,164.0100,2024-05-06,1434750428.6900,2024-05-06
8090957,sh.688256,101.281179,169.9500,3,1,12.211692,164.7200,-2.622600,166.6600,160.4000,-81.481485,0,1.942200,26.841813,158.7000,2024-05-07,1324252443.5900,2024-05-07
5494380,sh.688256,101.154894,163.9500,3,1,12.196466,160.4000,-0.124700,159.0000,160.2000,-81.379887,0,1.318900,26.808344,156.5000,2024-05-08,882076058.4400,2024-05-08
13756569,sh.688256,112.463783,180.2100,3,1,13.560003,160.2000,11.179800,162.0200,178.1100,-90.477976,0,3.302100,29.805457,161.0000,2024-05-09,2360269748.9800,2024-05-09
8628761,sh.688256,107.570210,175.1700,3,1,12.969974,178.1100,-4.351200,173.9900,170.3600,-86.541058,0,2.071300,28.508549,167.1600,2024-05-10,1472557235.4900,2024-05-10
5354404,sh.688256,104.975038,172.0000,3,1,12.657069,170.3600,-2.412500,167.2500,166.2500,-84.453222,0,1.285300,27.820769,164.7800,2024-05-13,895044674.5900,2024-05-13
8430664,sh.688256,107.317639,176.2500,3,1,12.939521,166.2500,2.231600,169.0000,169.9600,-86.337863,0,2.023700,28.441612,163.6200,2024-05-14,1437561352.0400,2024-05-14
8641160,sh.688256,109.900182,176.9400,3,1,13.250904,169.9600,2.406400,167.0300,174.0500,-88.415539,0,2.074200,29.126044,164.8700,2024-05-15,1484767105.6100,2024-05-15
10021544,sh.688256,114.705356,187.7700,3,1,13.830274,174.0500,4.372300,179.2000,181.6600,-92.281338,0,2.405600,30.399525,176.0300,2024-05-16,1823625265.5200,2024-05-16
9888452,sh.688256,120.495558,195.8800,3,1,14.528412,181.6600,5.047900,177.0000,190.8300,-96.939600,0,2.373600,31.934060,176.0300,2024-05-17,1876941133.4000,2024-05-17
11333158,sh.688256,123.715845,205.5800,3,1,14.916689,190.8300,2.672500,188.9000,195.9300,-99.530345,0,2.720400,32.787509,185.5000,2024-05-20,2228655473.2300,2024-05-20
9310632,sh.688256,118.077185,201.3200,3,1,14.236823,195.9300,-4.557800,194.3200,187.0000,-94.994000,0,2.234900,31.293136,186.3200,2024-05-21,1776779607.9300,2024-05-21
6430755,sh.688256,119.333729,190.5000,3,1,14.388327,187.0000,1.064200,187.0000,188.9900,-96.004899,0,1.543600,31.626149,182.1900,2024-05-22,1201753631.3800,2024-05-22
6560554,sh.688256,115.993470,193.0000,3,1,13.985585,188.9900,-2.799100,190.1000,183.7000,-93.317636,0,1.574800,30.740904,181.5200,2024-05-23,1212718900.4700,2024-05-23
11136194,sh.688256,108.542611,186.5000,3,1,13.087219,183.7000,-6.423500,185.0000,171.9000,-87.323362,0,2.673100,28.766257,169.8000,2024-05-24,1971492337.4700,2024-05-24
9814833,sh.688256,111.125154,177.6000,3,1,13.398602,171.9000,2.379300,170.0000,175.9900,-89.401038,0,2.356000,29.450690,165.9800,2024-05-27,1687678028.3700,2024-05-27
8091765,sh.688256,108.763611,183.0000,3,1,13.113865,175.9900,-2.125100,174.5100,172.2500,-87.501158,0,1.942400,28.824827,172.0000,2024-05-28,1428303181.4500,2024-05-28
5770667,sh.688256,108.605753,178.6400,3,1,13.094832,172.2500,-0.145100,174.3000,172.0000,-87.374161,0,1.385200,28.782991,170.1100,2024-05-29,1005904403.9100,2024-05-29
5239313,sh.688256,108.940411,175.0000,3,1,13.135182,172.0000,0.308100,170.3300,172.5300,-87.643395,0,1.257700,28.871683,168.6400,2024-05-30,903688775.4800,2024-05-30
7107486,sh.688256,110.367440,180.9000,3,1,13.307242,172.5300,1.309900,173.0000,174.7900,-88.791451,0,1.706100,29.249878,170.9400,2024-05-31,1254837732.7400,2024-05-31
7497803,sh.688256,114.282298,182.5700,3,1,13.779265,174.7900,3.547100,172.5500,180.9900,-91.940985,0,1.799800,30.287405,172.5000,2024-06-03,1342741870.6700,2024-06-03
4756579,sh.688256,113.385669,182.5500,3,1,13.671157,180.9900,-0.784600,178.8500,179.5700,-91.219640,0,1.141800,30.049778,176.0800,2024-06-04,849754222.3800,2024-06-04
5790849,sh.688256,113.720327,186.0000,3,1,13.711507,179.5700,0.295100,179.0100,180.1000,-91.488874,0,1.390000,30.138469,178.5000,2024-06-05,1054113402.0300,2024-06-05
8666051,sh.688256,109.470811,185.8800,3,1,13.199134,180.1000,-3.736800,185.0000,173.3700,-88.070106,0,2.080200,29.012251,172.5000,2024-06-06,1558513967.3300,2024-06-06
8287988,sh.688256,114.288613,182.0600,3,1,13.780027,173.3700,4.401000,174.9300,181.0000,-91.946065,0,1.989500,30.289078,171.6000,2024-06-07,1461753550.6400,2024-06-07
9954727,sh.688256,120.230358,190.5000,3,1,14.496436,181.0000,5.198900,183.0000,190.4100,-96.726244,0,2.389500,31.863776,181.0100,2024-06-11,1848778858.5200,2024-06-11
5338440,sh.688256,119.845186,192.2900,3,1,14.449995,190.4100,-0.320400,190.4200,189.8000,-96.416371,0,1.281400,31.761696,188.0200,2024-06-12,1014931366.5800,2024-06-12
9477745,sh.688256,123.463273,202.9900,3,1,14.886236,189.8000,3.019000,193.0000,195.5300,-99.327149,0,2.275100,32.720572,191.6900,2024-06-13,1877335919.9300,2024-06-13
8214388,sh.688256,126.292074,200.5000,3,1,15.227310,195.5300,2.291200,194.0000,200.0100,-101.602941,0,1.971800,33.470268,191.2500,2024-06-14,1617779422.5100,2024-06-14
10621894,sh.688256,133.225162,213.8000,3,1,16.063248,200.0100,5.489700,198.0000,210.9900,-107.180664,0,2.549700,35.307694,196.9600,2024-06-17,2211612826.5200,2024-06-17
8565820,sh.688256,132.031762,218.0000,3,1,15.919357,210.9900,-0.895800,210.9600,209.1000,-106.220564,0,2.056200,34.991416,205.2000,2024-06-18,1803085226.8700,2024-06-18
9745096,sh.688256,137.215792,222.0000,3,1,16.544407,209.1000,3.926400,208.6100,217.3100,-110.391156,0,2.339200,36.365302,208.6100,2024-06-19,2099253932.0600,2024-06-19
7996342,sh.688256,135.593020,222.2000,3,1,16.348746,217.3100,-1.182600,217.3500,214.7400,-109.085624,0,1.919500,35.935230,212.5500,2024-06-20,1733521793.5300,2024-06-20
6598157,sh.688256,135.940306,217.5000,3,1,16.390619,214.7400,0.256100,210.8800,215.2900,-109.365018,0,1.583800,36.027269,205.7000,2024-06-21,1396022726.3200,2024-06-21
8288139,sh.688256,130.270075,216.6600,3,1,15.706947,215.2900,-4.171100,214.8000,206.3100,-104.803274,0,1.989500,34.524529,204.0200,2024-06-24,1737535849.4600,2024-06-24
9049890,sh.688256,124.517759,205.3000,3,1,15.013377,206.3100,-4.415700,205.0300,197.2000,-100.175491,0,2.172400,33.000034,196.0000,2024-06-25,1799750279.8800,2024-06-25
8004071,sh.688256,128.161103,204.7300,3,1,15.452663,197.2000,2.926000,200.8500,202.9700,-103.106590,0,1.921300,33.965603,194.0100,2024-06-26,1601299512.4300,2024-06-26
5247623,sh.688256,125.408074,205.0100,3,1,15.120724,202.9700,-2.148100,198.5000,198.6100,-100.891756,0,1.259600,33.235988,197.6700,2024-06-27,1051639644.8600,2024-06-27
7357795,sh.688256,125.445959,204.2500,3,1,15.125292,198.6100,0.030200,198.0000,198.6700,-100.922236,0,1.766200,33.246029,196.1000,2024-06-28,1471104172.7600,2024-06-28
6309305,sh.688256,129.341875,205.5000,3,1,15.595031,198.6700,3.105700,199.5000,204.8400,-104.056530,0,1.514500,34.278535,197.0000,2024-07-01,1271717371.5900,2024-07-01
6655456,sh.688256,124.391473,204.7000,3,1,14.998151,204.8400,-3.827400,204.0000,197.0000,-100.073894,0,1.597600,32.966566,195.5700,2024-07-02,1325374773.8300,2024-07-02
6973556,sh.688256,123.444330,198.0000,3,1,14.883952,197.0000,-0.761400,196.1700,195.5000,-99.311910,0,1.673900,32.715551,187.5500,2024-07-03,1343316375.3800,2024-07-03
3936461,sh.688256,122.156215,198.7800,3,1,14.728641,195.5000,-1.043500,196.8500,193.4600,-98.275611,0,0.944900,32.374172,193.0000,2024-07-04,768920978.9400,2024-07-04
5311250,sh.688256,121.739472,197.0000,3,1,14.678393,193.4600,-0.341200,192.5200,192.8000,-97.940338,0,1.274900,32.263725,187.5000,2024-07-05,1019879414.4900,2024-07-05
4232957,sh.688256,121.550044,195.8800,3,1,14.655553,192.8000,-0.155600,191.5000,192.5000,-97.787942,0,1.016100,32.213522,189.0500,2024-07-08,819395548.2000,2024-07-08
8016332,sh.688256,130.920447,208.7000,3,1,15.785363,192.5000,7.709100,191.5000,207.3400,-105.326503,0,1.924300,34.696892,191.2000,2024-07-09,1622167756.2600,2024-07-09
5777653,sh.688256,133.319877,211.8800,3,1,16.074668,207.3400,1.832700,206.0000,211.1400,-107.256862,0,1.386900,35.332795,206.0000,2024-07-10,1211964475.1600,2024-07-10
8169273,sh.688256,127.327617,215.0000,3,1,15.352168,211.1400,-4.494600,213.5000,201.6500,-102.436044,0,1.961000,33.744711,198.9000,2024-07-11,1674155377.4300,2024-07-11
4187843,sh.688256,125.906902,201.6000,3,1,15.180869,201.6500,-1.115800,197.0000,199.4000,-101.293068,0,1.005300,33.368189,194.1100,2024-07-12,829793301.8700,2024-07-12
6481589,sh.688256,131.463476,211.0000,3,1,15.850837,199.4000,4.413200,199.4000,208.2000,-105.763374,0,1.555900,34.840807,198.7600,2024-07-15,1340770890.7800,2024-07-15
19307399,sh.688256,157.756171,249.8400,3,1,19.021005,208.2000,20.000000,208.0000,249.8400,-126.916049,0,4.634600,41.808968,208.0000,2024-07-16,4510843310.3300,2024-07-16
12151129,sh.688256,156.556456,257.5500,3,1,18.876353,249.8400,-0.760500,248.0000,247.9400,-125.950869,0,2.916800,41.491017,247.0600,2024-07-17,3062974085.7600,2024-07-17
15252206,sh.688256,160.382915,257.4700,3,1,19.337717,247.9400,2.444100,244.0000,254.0000,-129.029284,0,3.661200,42.505115,228.5100,2024-07-18,3712619338.6500,2024-07-18
15485007,sh.688256,169.826284,278.5900,3,1,20.476325,254.0000,5.669300,248.8900,268.4000,-136.626547,0,3.709400,45.007823,246.0100,2024-07-19,4094585529.4900,2024-07-19
10357001,sh.688256,167.814184,272.8800,3,1,20.233721,268.4000,-1.184800,268.0000,265.2200,-135.007797,0,2.481000,44.474570,260.5000,2024-07-22,2759444108.6100,2024-07-22
12188842,sh.688256,157.209533,266.2300,3,1,18.955096,265.2200,-6.319300,263.0000,248.4600,-126.476274,0,2.919800,41.664097,247.1800,2024-07-23,3099222547.4900,2024-07-23
13113571,sh.688256,165.302223,271.0000,3,1,19.930849,248.4600,5.147700,249.0000,261.2500,-132.986905,0,3.141300,43.808844,249.0000,2024-07-24,3428381283.3200,2024-07-24
8636328,sh.688256,161.853813,265.0000,3,1,19.515067,261.2500,-2.086100,260.5900,255.8000,-130.212633,0,2.068800,42.894937,251.7700,2024-07-25,2219649542.8200,2024-07-25
8141284,sh.688256,158.645843,257.0000,3,1,19.128275,255.8000,-1.982000,256.3000,250.7300,-127.631796,0,1.950200,42.044752,247.1100,2024-07-26,2048184221.7400,2024-07-26
7919376,sh.688256,155.982025,253.4000,3,1,18.807092,250.7300,-1.679100,251.0200,246.5200,-125.488735,0,1.897100,41.338779,236.6900,2024-07-29,1943887553.2400,2024-07-29
7036312,sh.688256,154.640625,252.7400,3,1,18.645357,246.5200,-0.860000,246.5300,244.4000,-124.409568,0,1.685500,40.983278,243.0000,2024-07-30,1739502160.0400,2024-07-30
10858900,sh.688256,167.080211,268.4800,3,1,20.145225,244.4000,8.044200,240.0500,264.0600,-134.417310,0,2.601200,44.280051,240.0500,2024-07-31,2804759460.7300,2024-07-31
8938306,sh.688256,163.245832,271.9900,3,1,19.682905,264.0600,-2.294900,268.0000,258.0000,-131.332523,0,2.141100,43.263853,256.7500,2024-08-01,2360243182.8200,2024-08-01
9828538,sh.688256,155.083540,260.4900,3,1,18.698760,258.0000,-5.000000,250.8800,245.1000,-124.765897,0,2.354400,41.100661,242.8800,2024-08-02,2446560657.2900,2024-08-02
11936345,sh.688256,145.333082,246.5000,3,1,17.523126,245.1000,-6.287200,236.9800,229.6900,-116.921578,0,2.859300,38.516568,227.6300,2024-08-05,2807448369.0400,2024-08-05
6835596,sh.688256,147.718496,240.0000,3,1,17.810741,229.6900,1.641300,238.0300,233.4600,-118.840662,0,1.637400,39.148757,228.3000,2024-08-06,1592301660.1900,2024-08-06
6908984,sh.688256,145.212862,236.9900,3,1,17.508631,233.4600,-1.696200,232.9800,229.5000,-116.824860,0,1.655000,38.484707,223.8000,2024-08-07,1596991481.1700,2024-08-07
6795331,sh.688256,145.238172,235.2500,3,1,17.511682,229.5000,0.017400,225.3000,229.5400,-116.845222,0,1.627800,38.491414,221.4500,2024-08-08,1557819401.0700,2024-08-08
11154738,sh.688256,156.260429,250.0000,3,1,18.840660,229.5400,7.589100,235.0200,246.9600,-125.712713,0,2.672100,41.412563,231.6800,2024-08-09,2706175472.0100,2024-08-09
5634015,sh.688256,152.520960,248.0000,3,1,18.389784,246.9600,-2.393100,243.9200,241.0500,-122.704281,0,1.349600,40.421519,238.1100,2024-08-12,1368129596.9100,2024-08-12
5429629,sh.688256,152.299503,246.1500,3,1,18.363083,241.0500,-0.145200,241.9800,240.7000,-122.526117,0,1.300600,40.362827,233.6700,2024-08-13,1300711270.7900,2024-08-13
6634197,sh.688256,152.919584,252.4000,3,1,18.437847,240.7000,0.407100,242.0000,241.6800,-123.024977,0,1.589200,40.527163,241.0000,2024-08-14,1630482735.5500,2024-08-14
4768298,sh.688256,152.691799,246.8900,3,1,18.410383,241.6800,-0.149000,239.1000,241.3200,-122.841723,0,1.142200,40.466795,239.0000,2024-08-15,1158491544.6400,2024-08-15
6272523,sh.688256,154.767172,251.0000,3,1,18.660615,241.3200,1.359200,244.1800,244.6000,-124.511376,0,1.502600,41.016816,241.0000,2024-08-16,1548297773.2000,2024-08-16
6580656,sh.688256,161.347625,258.0000,3,1,19.454034,244.6000,4.251800,245.4000,255.0000,-129.805400,0,1.576400,42.760785,245.4000,2024-08-19,1667890014.1000,2024-08-19
5322463,sh.688256,156.905819,257.5800,3,1,18.918476,255.0000,-2.752900,256.1100,247.9800,-126.231934,0,1.275000,41.583606,246.5800,2024-08-20,1339860946.8400,2024-08-20
8292657,sh.688256,166.941009,269.6900,3,1,20.128441,247.9800,6.395700,246.8800,263.8400,-134.305321,0,1.986500,44.243159,245.0000,2024-08-21,2146072076.2700,2024-08-21
5200055,sh.688256,164.947891,267.9500,3,1,19.888126,263.8400,-1.193900,263.0000,260.6900,-132.701843,0,1.245700,43.714938,258.7600,2024-08-22,1367354358.3800,2024-08-22
6407227,sh.688256,160.094808,260.6600,3,1,19.302979,260.6900,-2.942200,258.1100,253.0200,-128.797500,0,1.534800,42.428760,247.8000,2024-08-23,1619350616.8300,2024-08-23
4950499,sh.688256,156.424940,254.2200,3,1,18.860496,253.0200,-2.292300,252.0000,247.2200,-125.845063,0,1.185900,41.456162,243.4000,2024-08-26,1228548626.7100,2024-08-26
3704435,sh.688256,154.450805,246.0000,3,1,18.622470,247.2200,-1.262000,245.1000,244.1000,-124.256856,0,0.887400,40.932971,239.8800,2024-08-27,901860774.8800,2024-08-27
4640904,sh.688256,151.983135,248.3900,3,1,18.324937,244.1000,-1.597700,244.0000,240.2000,-122.271597,0,1.111700,40.278983,236.2000,2024-08-28,1114605924.3800,2024-08-28
4538637,sh.688256,152.040081,242.8800,3,1,18.331804,240.2000,0.037500,232.0000,240.2900,-122.317410,0,1.087200,40.294075,232.0000,2024-08-29,1080614756.2800,2024-08-29
8468308,sh.688256,162.416948,262.7600,3,1,19.582965,240.2900,6.825100,240.0000,256.6900,-130.665679,0,2.028500,43.044180,235.2900,2024-08-30,2137905933.2200,2024-08-30
8010042,sh.688256,159.557533,267.9300,3,1,20.146852,256.6900,-1.772600,265.6800,252.1400,-126.250306,0,1.918800,-176.634104,252.0900,2024-09-02,2079665247.9600,2024-09-02
7419613,sh.688256,152.318150,256.2200,3,1,19.232756,252.1400,-4.537200,252.0000,240.7000,-120.522125,0,1.777300,-168.619929,240.1000,2024-09-03,1817951529.0400,2024-09-03
5639179,sh.688256,151.330961,241.2000,3,1,19.108107,240.7000,-0.648100,235.0000,239.1400,-119.741010,0,1.350800,-167.527087,232.6800,2024-09-04,1333444698.7600,2024-09-04
14630289,sh.688256,130.929062,242.0800,3,1,16.532020,239.1400,-13.481600,239.1600,206.9000,-103.597955,0,3.504600,-144.941684,205.2600,2024-09-05,3212494378.3500,2024-09-05
10617610,sh.688256,136.168755,219.6600,3,1,17.193621,206.9000,4.001900,211.0000,215.1800,-107.743876,0,2.543400,-150.742153,210.0000,2024-09-06,2287211710.9400,2024-09-06
8461678,sh.688256,133.340080,216.7800,3,1,16.836452,215.1800,-2.077300,214.9900,210.7100,-105.505679,0,2.027000,-147.610740,203.8800,2024-09-09,1777137355.5900,2024-09-09
6627927,sh.688256,135.219536,218.1200,3,1,17.073766,210.7100,1.409500,210.7100,213.6800,-106.992803,0,1.587700,-149.691344,206.9700,2024-09-10,1411502923.6900,2024-09-10
4309610,sh.688256,136.472506,217.2900,3,1,17.231974,213.6800,0.926600,213.0000,215.6600,-107.984219,0,1.032300,-151.078412,211.0000,2024-09-11,923740035.8700,2024-09-11
4114397,sh.688256,135.732114,220.9900,3,1,17.138487,215.6600,-0.542500,219.9800,214.4900,-107.398383,0,0.985600,-150.258781,214.0000,2024-09-12,891201831.0900,2024-09-12
6755502,sh.688256,139.535322,225.3000,3,1,17.618707,214.4900,2.802000,216.5500,220.5000,-110.407680,0,1.618300,-154.469025,213.7600,2024-09-13,1493104038.0100,2024-09-13
6156044,sh.688256,132.897111,221.5500,3,1,16.780520,220.5000,-4.757400,218.0000,210.0100,-105.155179,0,1.474700,-147.120362,206.8800,2024-09-18,1311600263.1500,2024-09-18
5023996,sh.688256,132.574376,212.0000,3,1,16.739769,210.0100,-0.242800,210.8000,209.5000,-104.899814,0,1.203500,-146.763087,205.0500,2024-09-19,1049604956.2700,2024-09-19
4061619,sh.688256,132.175704,214.8800,3,1,16.689430,209.5000,-0.300700,209.5000,208.8700,-104.584364,0,0.972900,-146.321747,207.0000,2024-09-20,853971175.7600,2024-09-20
6129867,sh.688256,134.542425,220.5000,3,1,16.988269,208.8700,1.790600,211.5200,212.6100,-106.457038,0,1.468400,-148.941766,210.0000,2024-09-23,1322572932.4900,2024-09-23
8212051,sh.688256,140.357979,227.3900,3,1,17.722581,212.6100,4.322500,213.3300,221.8000,-111.058610,0,1.967200,-155.379727,210.5000,2024-09-24,1796282485.4500,2024-09-24
7841332,sh.688256,140.490870,233.5800,3,1,17.739361,221.8000,0.094700,226.2400,222.0100,-111.163760,0,1.878400,-155.526840,221.7900,2024-09-25,1783599550.0400,2024-09-25
7630675,sh.688256,141.750168,224.0000,3,1,17.898369,222.0100,0.896400,221.8800,224.0000,-112.160183,0,1.827900,-156.920914,215.5000,2024-09-26,1675712887.0900,2024-09-26
7879335,sh.688256,152.489009,245.0000,3,1,19.254330,224.0000,7.575900,223.0000,240.9700,-120.657319,0,1.887500,-168.809075,217.4200,2024-09-27,1796877743.7800,2024-09-27
16630413,sh.688256,182.984280,289.1600,3,1,23.104877,240.9700,19.998300,256.0000,289.1600,-144.786779,0,3.983700,-202.568087,243.9800,2024-09-30,4490414068.3000,2024-09-30
13133511,sh.688256,219.579870,346.9900,3,1,27.725692,289.1600,19.999300,346.9900,346.9900,-173.743134,0,3.146100,-243.080304,325.0000,2024-10-08,4531495058.8100,2024-10-08
29676382,sh.688256,235.090123,415.0000,3,1,29.684125,346.9900,7.063600,349.0000,371.5000,-186.015661,0,7.108900,-260.250534,302.3200,2024-10-09,10898439373.6300,2024-10-09
17681233,sh.688256,219.712761,380.0000,3,1,27.742472,371.5000,-6.541000,372.0000,347.2000,-173.848284,0,4.235500,-243.227417,310.0000,2024-10-10,6261550883.0100,2024-10-10
13108216,sh.688256,210.726813,362.0000,3,1,26.607843,347.2000,-4.089900,336.5000,333.0000,-166.738130,0,3.140000,-233.279752,332.0000,2024-10-11,4540002852.3300,2024-10-11
13693642,sh.688256,236.735437,374.8800,3,1,29.891874,333.0000,12.342300,336.1100,374.1000,-187.317520,0,3.280300,-262.071938,336.1100,2024-10-14,4834791189.4500,2024-10-14
11142218,sh.688256,224.996752,378.5000,3,1,28.409666,374.1000,-4.958600,368.0000,355.5500,-178.029255,0,2.669100,-249.076924,355.5500,2024-10-15,4055340411.5300,2024-10-15
7291461,sh.688256,216.542367,354.5100,3,1,27.342156,355.5500,-3.757600,342.0000,342.1900,-171.339701,0,1.746600,-239.717713,338.0000,2024-10-16,2515727753.5000,2024-10-16
10269502,sh.688256,226.604097,374.9000,3,1,28.612620,342.1900,4.646500,356.2000,358.0900,-179.301071,0,2.460000,-250.856295,353.4700,2024-10-17,3732763713.5800,2024-10-17
14897077,sh.688256,271.926182,429.7100,3,1,34.335304,358.0900,20.000600,360.0000,429.7100,-215.162287,0,3.568500,-301.028956,357.0200,2024-10-18,5904655805.1200,2024-10-18
22887318,sh.688256,280.969084,503.3300,3,1,35.477124,429.7100,3.325500,454.0000,444.0000,-222.317506,0,5.482600,-311.039669,419.5100,2024-10-21,10394616173.9000,2024-10-21
15357904,sh.688256,266.414379,444.0400,3,1,33.639345,444.0000,-5.180200,430.0100,421.0000,-210.801059,0,3.678900,-294.927254,415.6900,2024-10-22,6604328972.9100,2024-10-22
12642831,sh.688256,265.148752,429.8400,3,1,33.479538,421.0000,-0.475100,414.0000,419.0000,-209.799628,0,3.028500,-293.526174,405.6700,2024-10-23,5277811459.5400,2024-10-23
10368887,sh.688256,269.072195,433.0000,3,1,33.974940,419.0000,1.479700,406.0000,425.2000,-212.904062,0,2.483800,-297.869521,406.0000,2024-10-24,4361931717.2000,2024-10-24
10214642,sh.688256,266.977583,444.5000,3,1,33.710459,425.2000,-0.778500,428.0000,421.8900,-211.246695,0,2.446900,-295.550734,412.7000,2024-10-25,4344517215.9200,2024-10-25
9045071,sh.688256,275.083920,437.6000,3,1,34.734022,421.8900,3.036300,425.0100,434.7000,-217.660856,0,2.166700,-304.524649,417.6200,2024-10-28,3876068359.9100,2024-10-28
11362978,sh.688256,274.647279,475.3900,3,1,34.678889,434.7000,-0.158700,431.0000,434.0100,-217.315362,0,2.722000,-304.041277,430.7900,2024-10-29,5078813269.2000,2024-10-29
10210706,sh.688256,281.760100,452.9300,3,1,35.577003,434.0100,2.589800,425.0000,445.2500,-222.943400,0,2.445900,-311.915344,421.0000,2024-10-30,4463581505.8700,2024-10-30
13042572,sh.688256,252.854641,482.5600,3,1,36.852570,445.2500,1.875400,476.0000,453.6000,-247.463316,0,3.124300,-233.772674,451.0000,2024-10-31,6100933942.3500,2024-10-31
13525364,sh.688256,229.113285,461.8000,3,1,33.392360,453.6000,-9.389300,446.0000,411.0100,-224.228169,0,3.239900,-211.822987,410.9900,2024-11-01,5841907647.1100,2024-11-01
8383317,sh.688256,229.074264,416.9000,3,1,33.386673,411.0100,-0.017000,408.8800,410.9400,-224.189980,0,2.008200,-211.786911,402.7900,2024-11-04,3429092454.4800,2024-11-04
11785153,sh.688256,244.080541,449.0000,3,1,35.573779,410.9400,6.550800,406.9400,437.8600,-238.876295,0,2.823100,-225.660721,406.1100,2024-11-05,5121353891.4400,2024-11-05
11329626,sh.688256,254.192497,470.3900,3,1,37.047557,437.8600,4.142900,441.0000,456.0000,-248.772646,0,2.714000,-235.009566,439.2200,2024-11-06,5178228326.6900,2024-11-06
11391909,sh.688256,265.341290,488.0000,3,1,38.672450,456.0000,4.386000,451.4400,476.0000,-259.683727,0,2.728900,-245.317003,445.0100,2024-11-07,5288087731.2500,2024-11-07
21453800,sh.688256,240.256505,493.0300,3,1,35.016441,476.0000,-9.453800,488.0100,431.0000,-235.133795,0,5.139200,-222.125270,420.0000,2024-11-08,9713509939.3200,2024-11-08
15360887,sh.688256,239.983359,448.0000,3,1,34.976631,431.0000,-0.113700,420.0100,430.5100,-234.866473,0,3.679600,-221.872738,415.5000,2024-11-11,6635052638.6900,2024-11-11
11393018,sh.688256,235.791413,444.1200,3,1,34.365671,430.5100,-1.746800,425.0000,422.9900,-230.763907,0,2.729100,-217.997141,411.0100,2024-11-12,4862060425.3700,2024-11-12
16560079,sh.688256,264.226411,490.8800,3,1,38.509960,422.9900,12.059400,423.3500,474.0000,-258.592619,0,3.966900,-244.286260,415.0000,2024-11-13,7414351248.9100,2024-11-13
10444713,sh.688256,261.439213,494.8800,3,1,38.103737,474.0000,-1.054900,469.2600,469.0000,-255.864849,0,2.502000,-241.709400,465.0100,2024-11-14,5005409405.4000,2024-11-14
9397802,sh.688256,252.899237,483.0000,3,1,36.859069,469.0000,-3.266500,474.9000,453.6800,-247.506961,0,2.251200,-233.813904,450.0000,2024-11-15,4391637847.2200,2024-11-15
8247691,sh.688256,250.100889,476.3600,3,1,36.451221,453.6800,-1.106500,450.0000,448.6600,-244.768279,0,1.975700,-231.226737,440.5800,2024-11-18,3753337083.6300,2024-11-18
9737149,sh.688256,256.979695,465.0000,3,1,37.453780,448.6600,2.750400,450.0000,461.0000,-251.500416,0,2.332500,-237.586426,425.0000,2024-11-19,4325527018.9100,2024-11-19
9330080,sh.688256,264.783851,479.6500,3,1,38.591205,461.0000,3.036900,456.0000,475.0000,-259.138173,0,2.235000,-244.801632,449.0100,2024-11-20,4328962249.9800,2024-11-20
12066333,sh.688256,286.702379,525.0000,3,1,41.785744,475.0000,8.277900,474.9900,514.3200,-280.589358,0,2.890400,-265.066053,470.6400,2024-11-21,6058022890.6500,2024-11-21
8702758,sh.688256,274.260325,521.5400,3,1,39.972364,514.3200,-4.339700,510.0000,492.0000,-268.412592,0,2.084700,-253.562953,490.0100,2024-11-22,4373599416.4400,2024-11-22
9034201,sh.688256,272.588006,503.5800,3,1,39.728630,492.0000,-0.609800,499.8700,489.0000,-266.775929,0,2.164100,-252.016838,469.0000,2024-11-25,4337897991.3800,2024-11-25
4545327,sh.688256,270.859943,494.9000,3,1,39.476771,489.0000,-0.633900,484.0000,485.9000,-265.084712,0,1.088800,-250.419185,476.8000,2024-11-26,2209649264.5800,2024-11-26
9932091,sh.688256,297.979384,535.0000,3,1,43.429323,485.9000,10.012300,482.0000,534.5500,-291.625916,0,2.379200,-275.492026,480.0000,2024-11-27,5088377983.7000,2024-11-27
10937412,sh.688256,304.378792,588.7000,3,1,44.362012,534.5500,2.147600,530.0000,546.0300,-297.888877,0,2.620000,-281.408495,527.0100,2024-11-28,6079438113.1200,2024-11-28
9289018,sh.688256,312.723664,590.0000,3,1,45.578244,546.0300,2.741600,542.0000,561.0000,-306.055821,0,2.225100,-289.123611,540.3800,2024-11-29,5219224250.9300,2024-11-29
8989705,sh.688256,313.281103,584.5300,3,1,45.659489,561.0000,0.178300,561.0000,562.0000,-306.601375,0,2.153400,-289.638983,535.6900,2024-12-02,5030552961.8200,2024-12-02
7915956,sh.688256,317.735046,589.9600,3,1,46.308633,562.0000,1.421700,556.0000,569.9900,-310.960352,0,1.896200,-293.756804,553.3300,2024-12-03,4545547364.6600,2024-12-03
8901721,sh.688256,308.041170,591.0000,3,1,44.895789,569.9900,-3.050900,584.7800,552.6000,-301.473167,0,2.132400,-284.794488,540.0000,2024-12-04,4996846354.1300,2024-12-04
5674763,sh.688256,317.807514,572.8600,3,1,46.319195,552.6000,3.170500,550.0000,570.1200,-311.031274,0,1.359400,-293.823803,545.5000,2024-12-05,3172809908.3900,2024-12-05
6232280,sh.688256,308.598610,576.0000,3,1,44.977034,570.1200,-2.897600,570.1000,553.6000,-302.018721,0,1.492900,-285.309859,548.0000,2024-12-06,3482705704.1800,2024-12-06
8502600,sh.688256,300.459991,556.9000,3,1,43.790862,553.6000,-2.637300,549.0000,539.0000,-294.053632,0,2.036800,-277.785430,515.1400,2024-12-09,4537704076.8900,2024-12-09
9115789,sh.688256,300.142250,564.9000,3,1,43.744553,539.0000,-0.105800,558.0000,538.4300,-293.742666,0,2.183600,-277.491668,526.6600,2024-12-10,4950728142.1200,2024-12-10
6546419,sh.688256,303.693141,552.7900,3,1,44.262081,538.4300,1.183100,530.9400,544.8000,-297.217845,0,1.568200,-280.774587,521.2800,2024-12-11,3517091257.0700,2024-12-11
8555301,sh.688256,321.637124,576.9900,3,1,46.877346,544.8000,5.908600,550.0000,576.9900,-314.779230,0,2.049400,-297.364407,544.2000,2024-12-12,4823535551.4800,2024-12-12
11367277,sh.688256,316.625741,599.9900,3,1,46.146957,576.9900,-1.558100,572.4400,568.0000,-309.874699,0,2.723000,-292.731214,558.2000,2024-12-13,6576691098.9900,2024-12-13
7463902,sh.688256,320.667179,594.0000,3,1,46.735980,568.0000,1.276400,574.0000,575.2500,-313.829966,0,1.787900,-296.467660,560.0000,2024-12-16,4316876551.9600,2024-12-16
5758896,sh.688256,317.740621,590.0000,3,1,46.309446,575.2500,-0.912600,566.7800,570.0000,-310.965807,0,1.379500,-293.761958,560.0000,2024-12-17,3311232646.3800,2024-12-17
8774587,sh.688256,344.246878,618.1800,3,1,50.172629,570.0000,8.342100,567.8900,617.5500,-336.906902,0,2.101900,-318.267890,560.2800,2024-12-18,5179522069.0600,2024-12-18
8617152,sh.688256,354.542789,654.9900,3,1,51.673217,617.5500,2.990900,606.0000,636.0200,-346.983286,0,2.064200,-327.786808,596.2000,2024-12-19,5379397221.9300,2024-12-19
9310919,sh.688256,376.801356,676.7700,3,1,54.917316,636.0200,6.278100,634.9700,675.9500,-368.767259,0,2.230400,-348.365606,631.0000,2024-12-20,6121082406.1400,2024-12-20
10380437,sh.688256,361.638996,700.0000,3,1,52.707461,675.9500,-4.024000,675.9500,648.7500,-353.928189,0,2.486600,-334.347492,635.0000,2024-12-23,6888866058.3800,2024-12-23
7382927,sh.688256,367.519985,662.0000,3,1,53.564592,648.7500,1.626200,655.5000,659.3000,-359.683784,0,1.768500,-339.784665,620.0600,2024-12-24,4784588823.2000,2024-12-24
6131874,sh.688256,369.080816,666.6000,3,1,53.792077,659.3000,0.424700,651.0000,662.1000,-361.211335,0,1.468900,-341.227706,634.0300,2024-12-25,3995053322.8600,2024-12-25
6481692,sh.688256,363.027021,661.0000,3,1,52.909761,662.1000,-1.640200,659.0000,651.2400,-355.286618,0,1.552700,-335.630767,640.9800,2024-12-26,4219457591.3600,2024-12-26
6301000,sh.688256,363.506419,668.2000,3,1,52.979631,651.2400,0.132100,649.7500,652.1000,-355.755795,0,1.509400,-336.073987,648.0000,2024-12-27,4151232803.1200,2024-12-27
7795859,sh.688256,381.010025,695.8800,3,1,55.530713,652.1000,4.815200,655.0100,683.5000,-372.886192,0,1.867500,-352.256664,649.0000,2024-12-30,5269180201.3900,2024-12-30
7021055,sh.688256,366.795313,688.0000,3,1,53.458974,683.5000,-3.730800,684.0000,658.0000,-358.974564,0,1.681900,-339.114681,658.0000,2024-12-31,4694180548.1100,2024-12-31
7975382,sh.688256,359.894210,665.0000,3,1,52.453166,658.0000,-1.881500,653.0100,645.6200,-352.220604,0,1.910500,-332.734378,630.0000,2025-01-02,5128937885.7300,2025-01-02
6615237,sh.688256,346.170045,644.9900,3,1,50.452923,645.6200,-3.813400,639.8900,621.0000,-338.789064,0,1.584700,-320.045923,616.1600,2025-01-03,4164652837.0200,2025-01-03
7142193,sh.688256,362.045927,650.0000,3,1,52.766770,621.0000,4.586200,625.7400,649.4800,-354.326443,0,1.710900,-334.723713,613.8000,2025-01-06,4525444814.0900,2025-01-06
8730409,sh.688256,400.241694,718.0000,3,1,58.333653,649.4800,10.550000,640.4900,718.0000,-391.707806,0,2.091300,-370.036993,637.0000,2025-01-07,5905819222.7500,2025-01-07
8169427,sh.688256,404.701212,735.0000,3,1,58.983610,718.0000,1.114200,701.0000,726.0000,-396.072239,0,1.957000,-374.159967,698.6000,2025-01-08,5825786931.8300,2025-01-08
5382326,sh.688256,397.058714,731.9700,3,1,57.869746,726.0000,-1.888400,725.0000,712.2900,-388.592693,0,1.289300,-367.094219,706.1500,2025-01-09,3868372943.0200,2025-01-09
9438041,sh.688256,406.914247,777.7700,3,1,59.306151,712.2900,2.482100,720.0000,729.9700,-398.238088,0,2.260800,-376.205994,720.0000,2025-01-10,7034599854.5800,2025-01-10
9307636,sh.688256,400.799134,721.0500,3,1,58.414898,729.9700,-1.502800,707.0000,719.0000,-392.253361,0,2.229600,-370.552364,667.4200,2025-01-13,6466985232.5300,2025-01-13
8829242,sh.688256,386.868716,717.0000,3,1,56.384594,719.0000,-3.475700,716.0000,694.0100,-378.619965,0,2.115000,-357.673222,679.1900,2025-01-14,6136445405.3600,2025-01-14
9377400,sh.688256,387.955724,718.0000,3,1,56.543021,694.0100,0.281000,671.0000,695.9600,-379.683795,0,2.246300,-358.678197,662.1000,2025-01-15,6463773007.6000,2025-01-15
19429203,sh.688256,331.119173,695.0000,3,1,48.259317,695.9600,-14.650300,688.0000,594.0000,-324.059105,0,4.654200,-306.130882,580.0000,2025-01-16,12218742013.2600,2025-01-16
12396309,sh.688256,330.004294,605.8700,3,1,48.096828,594.0000,-0.336700,577.0000,592.0000,-322.967996,0,2.969500,-305.100139,570.0000,2025-01-17,7282220871.6200,2025-01-17
11701286,sh.688256,344.620362,632.8300,3,1,50.227063,592.0000,4.429100,591.0000,618.2200,-337.272424,0,2.803000,-318.613189,582.2000,2025-01-20,7132068376.7000,2025-01-20
8515231,sh.688256,348.399804,633.9900,3,1,50.777901,618.2200,1.096700,618.2300,625.0000,-340.971280,0,2.039800,-322.107410,609.0000,2025-01-21,5291827352.2000,2025-01-21
8375100,sh.688256,357.385731,649.9700,3,1,52.087565,625.0000,2.579200,612.0100,641.1200,-349.765611,0,2.006200,-330.415204,612.0100,2025-01-22,5353629839.5200,2025-01-22
6703529,sh.688256,346.170045,657.0600,3,1,50.452923,641.1200,-3.138300,650.0000,621.0000,-338.789064,0,1.605800,-320.045923,620.2500,2025-01-23,4271994200.2200,2025-01-23
6893564,sh.688256,341.699379,638.0000,3,1,49.801341,621.0000,-1.291500,627.5800,612.9800,-334.413720,0,1.651300,-315.912640,607.3000,2025-01-24,4282386858.3400,2025-01-24
11869330,sh.688256,318.855500,595.9400,3,1,46.471935,612.9800,-6.685400,582.0100,572.0000,-312.056915,0,2.843200,-294.792702,551.6800,2025-01-27,6809918284.2700,2025-01-27
12450812,sh.688256,321.085259,605.0000,3,1,46.796914,572.0000,0.699300,593.0000,576.0000,-314.239132,0,2.982500,-296.854189,560.0300,2025-02-05,7347175022.5200,2025-02-05
10417804,sh.688256,314.390408,588.9500,3,1,45.821166,576.0000,-2.085100,576.0000,563.9900,-307.687028,0,2.495500,-290.664573,560.0000,2025-02-06,5951745800.7800,2025-02-06
12645400,sh.688256,333.845053,610.0000,3,1,48.656604,563.9900,6.188100,562.0000,598.8900,-326.726864,0,3.029200,-308.651051,562.0000,2025-02-07,7504342769.1000,2025-02-07
11763601,sh.688256,363.428377,655.8900,3,1,52.968257,598.8900,8.861400,609.9900,651.9600,-355.679417,0,2.817900,-336.001835,601.9900,2025-02-10,7416175393.0600,2025-02-10
9148212,sh.688256,372.274945,696.5000,3,1,54.257609,651.9600,2.434200,652.0000,667.8300,-364.337360,0,2.191400,-344.180787,641.0100,2025-02-11,6086293219.7200,2025-02-11
7100796,sh.688256,365.680434,675.9800,3,1,53.296485,667.8300,-1.771400,665.5000,656.0000,-357.883456,0,1.701000,-338.083938,647.8100,2025-02-12,4674492828.0900,2025-02-12
7012988,sh.688256,355.646519,672.2300,3,1,51.834082,656.0000,-2.743900,660.0000,638.0000,-348.063483,0,1.679900,-328.807244,631.9900,2025-02-13,4600340561.4200,2025-02-13
9937854,sh.688256,348.929371,655.0000,3,1,50.855084,638.0000,-1.888700,636.0100,625.9500,-341.489556,0,2.380600,-322.597013,606.0000,2025-02-14,6194892871.1700,2025-02-14
9249959,sh.688256,368.367293,661.0000,3,1,53.688084,625.9500,5.570700,639.9000,660.8200,-360.513026,0,2.215800,-340.568030,630.0000,2025-02-17,6011369687.4100,2025-02-17
7036589,sh.688256,350.127867,660.8800,3,1,51.029760,660.8200,-4.951400,660.8200,628.1000,-342.662498,0,1.685600,-323.705063,626.0000,2025-02-18,4491054703.5000,2025-02-18
6238696,sh.688256,348.684098,635.8800,3,1,50.819336,628.1000,-0.412400,628.4900,625.5100,-341.249513,0,1.494500,-322.370250,614.0000,2025-02-19,3893878132.9600,2025-02-19
6110473,sh.688256,344.782020,636.9000,3,1,50.250623,625.5100,-1.119100,630.0000,618.5100,-337.430634,0,1.463700,-318.762647,609.9900,2025-02-20,3788675999.7300,2025-02-20
16532611,sh.688256,413.737309,742.2100,3,1,60.300586,618.5100,19.999700,645.0000,742.2100,-404.915670,0,3.960300,-382.514145,630.0000,2025-02-21,11299483414.7800,2025-02-21
12757989,sh.688256,435.003633,795.8000,3,1,63.400069,742.2100,5.140100,744.0000,780.3600,-425.728557,0,3.056100,-402.175582,738.1600,2025-02-24,9825925747.8700,2025-02-24
10938062,sh.688256,440.589179,818.8700,3,1,64.214140,780.3600,1.284000,780.0000,790.3800,-431.195008,0,2.620200,-407.339608,751.5000,2025-02-25,8579508874.2200,2025-02-25
7406488,sh.688256,443.164550,813.0000,3,1,64.589490,790.3800,0.584500,781.1300,795.0000,-433.715468,0,1.774200,-409.720625,762.9300,2025-02-26,5859100446.7000,2025-02-26
8093575,sh.688256,443.721990,805.9800,3,1,64.670735,795.0000,0.125800,788.0700,796.0000,-434.261022,0,1.938800,-410.235997,767.0000,2025-02-27,6375685064.9300,2025-02-27
12112043,sh.688256,261.408009,796.0000,3,1,59.750559,796.0000,-7.608000,780.0000,735.4400,-692.729060,0,2.901400,-379.025078,725.0000,2025-02-28,9101646591.4600,2025-02-28
11198360,sh.688256,246.347831,735.4400,3,1,56.308224,735.4400,-5.761200,720.0000,693.0700,-652.819713,0,2.682500,-357.188772,685.6000,2025-03-03,7869313117.0200,2025-03-03
9416223,sh.688256,243.678444,704.9700,3,1,55.698077,693.0700,-1.083600,690.0000,685.5600,-645.745859,0,2.255600,-353.318330,658.0000,2025-03-04,6425763810.9800,2025-03-04
7981845,sh.688256,252.863126,718.6800,3,1,57.797438,685.5600,3.769200,688.0000,711.4000,-670.085191,0,1.912000,-366.635538,688.0000,2025-03-05,5646797900.4600,2025-03-05
10219925,sh.688256,275.469388,777.7600,3,1,62.964597,711.4000,8.940100,730.0000,775.0000,-729.991599,0,2.448100,-399.413188,730.0000,2025-03-06,7795445080.9300,2025-03-06
5784099,sh.688256,266.583279,773.0000,3,1,60.933481,775.0000,-3.225800,765.0100,750.0000,-706.443483,0,1.385600,-386.528892,747.0000,2025-03-07,4387785908.4200,2025-03-07
7594983,sh.688256,276.891166,789.9900,3,1,63.289576,750.0000,3.866700,750.0000,779.0000,-733.759297,0,1.819300,-401.474676,735.1600,2025-03-10,5799739509.5100,2025-03-10
6657398,sh.688256,281.511943,798.8900,3,1,64.345756,779.0000,1.668800,755.0100,792.0000,-746.004318,0,1.594800,-408.174510,746.0000,2025-03-11,5132347889.0500,2025-03-11
6351507,sh.688256,275.113944,817.9400,3,1,62.883353,792.0000,-2.272700,791.8800,774.0000,-729.049674,0,1.521500,-398.897817,774.0000,2025-03-12,5048943539.2100,2025-03-12
6254585,sh.688256,263.736170,787.9900,3,1,60.282712,774.0000,-4.135700,780.3000,741.9900,-698.898666,0,1.498300,-382.400763,738.9600,2025-03-13,4749108077.7300,2025-03-13
6813236,sh.688256,269.426834,777.9900,3,1,61.583439,741.9900,2.157700,746.0000,758.0000,-713.978880,0,1.632100,-390.651867,746.0000,2025-03-14,5170917503.7500,2025-03-14
4730941,sh.688256,267.187534,755.8800,3,1,61.071597,758.0000,-0.831100,754.8900,751.7000,-708.044754,0,1.133300,-387.405024,727.2700,2025-03-17,3513671653.9000,2025-03-17
3860211,sh.688256,266.583279,760.0000,3,1,60.933481,751.7000,-0.226200,749.0000,750.0000,-706.443483,0,0.924700,-386.528892,738.5000,2025-03-18,2892885682.0000,2025-03-18
8511634,sh.688256,250.197293,748.8000,3,1,57.188103,750.0000,-6.146700,742.2300,703.9000,-663.020757,0,2.038900,-362.770249,700.0000,2025-03-19,6120351963.0000,2025-03-19
4317047,sh.688256,250.101323,712.0000,3,1,57.166167,703.9000,-0.038400,700.0000,703.6300,-662.766437,0,1.034100,-362.631099,693.9700,2025-03-20,3042228071.1400,2025-03-20
9645653,sh.688256,243.497167,710.1900,3,1,55.656642,703.6300,-2.640600,710.1900,685.0500,-645.265477,0,2.310600,-353.055490,661.3600,2025-03-21,6546979147.1400,2025-03-21
4801276,sh.688256,243.187930,695.3000,3,1,55.585959,685.0500,-0.127000,679.0000,684.1800,-644.446003,0,1.150100,-352.607116,671.5000,2025-03-24,3279822077.8100,2025-03-24
7042105,sh.688256,228.319692,686.0100,3,1,52.187496,684.1800,-6.113900,686.0000,642.3500,-605.045295,0,1.686900,-331.049112,635.4000,2025-03-25,4590157645.2300,2025-03-25
4082371,sh.688256,228.550731,653.0000,3,1,52.240305,642.3500,0.101200,642.3500,643.0000,-605.657546,0,0.977900,-331.384103,640.0000,2025-03-26,2639326367.5000,2025-03-26
6087813,sh.688256,226.862370,664.8900,3,1,51.854393,643.0000,-0.738700,645.8800,638.2500,-601.183404,0,1.458300,-328.936087,636.4000,2025-03-27,3950878501.0700,2025-03-27
4347659,sh.688256,222.863621,641.6300,3,1,50.940390,638.2500,-1.762600,635.0000,627.0000,-590.586751,0,1.041500,-323.138154,624.0100,2025-03-28,2740476047.8400,2025-03-28
5318559,sh.688256,221.441844,634.6600,3,1,50.615412,627.0000,-0.638000,625.5900,623.0000,-586.819053,0,1.274000,-321.076666,611.0000,2025-03-31,3301846503.4200,2025-03-31
5739758,sh.688256,224.974961,647.9500,3,1,51.422984,623.0000,1.595500,634.1900,632.9400,-596.181784,0,1.374900,-326.199463,629.0500,2025-04-01,3655499619.3800,2025-04-01
3404978,sh.688256,223.698915,645.0000,3,1,51.131315,632.9400,-0.567200,632.0000,629.3500,-592.800274,0,0.815600,-324.349278,626.0000,2025-04-02,2158505449.8300,2025-04-02
6038431,sh.688256,226.773509,645.0000,3,1,51.834082,629.3500,1.374400,619.0000,638.0000,-600.947923,0,1.446500,-328.807244,619.0000,2025-04-03,3854330168.7500,2025-04-03
12378667,sh.688256,200.882941,615.0000,3,1,45.916222,638.0000,-11.416900,599.9700,565.1600,-532.338132,0,2.965300,-291.267558,532.2900,2025-04-07,7160071801.7100,2025-04-07
